100 1275
0 53
0 57
0 58
0 60
0 61
0 62
0 63
0 65
0 68
0 74
0 76
0 78
0 83
0 84
0 86
0 88
0 90
0 91
0 93
0 96
0 97
0 98
0 99
1 50
1 52
1 53
1 54
1 55
1 56
1 57
1 62
1 64
1 65
1 66
1 72
1 75
1 77
1 78
1 81
1 84
1 86
1 87
1 89
1 91
1 95
2 52
2 54
2 62
2 63
2 64
2 68
2 69
2 70
2 71
2 75
2 76
2 77
2 79
2 80
2 82
2 83
2 84
2 86
2 88
2 90
2 91
2 94
2 96
2 99
3 51
3 52
3 54
3 55
3 56
3 57
3 58
3 60
3 61
3 62
3 63
3 66
3 70
3 71
3 73
3 76
3 77
3 79
3 80
3 82
3 86
3 87
3 88
3 89
3 96
3 97
3 98
3 99
4 51
4 53
4 55
4 57
4 61
4 67
4 69
4 71
4 72
4 73
4 74
4 76
4 77
4 78
4 81
4 82
4 84
4 85
4 87
4 89
4 93
4 95
4 96
4 97
4 99
5 50
5 52
5 54
5 55
5 56
5 58
5 59
5 62
5 63
5 64
5 67
5 69
5 78
5 79
5 80
5 82
5 83
5 86
5 88
5 89
5 90
5 91
5 93
5 98
5 99
6 54
6 55
6 56
6 57
6 58
6 60
6 61
6 62
6 63
6 64
6 68
6 69
6 70
6 73
6 74
6 75
6 76
6 77
6 79
6 80
6 82
6 83
6 85
6 86
6 89
6 92
6 94
6 95
6 96
7 52
7 58
7 59
7 64
7 66
7 67
7 69
7 72
7 73
7 78
7 80
7 81
7 82
7 84
7 86
7 87
7 93
7 94
7 96
7 99
8 51
8 53
8 54
8 56
8 57
8 58
8 59
8 62
8 63
8 64
8 65
8 68
8 72
8 73
8 75
8 76
8 77
8 78
8 84
8 85
8 86
8 89
8 92
8 93
8 96
8 98
9 50
9 51
9 52
9 53
9 54
9 55
9 62
9 63
9 64
9 65
9 66
9 67
9 68
9 70
9 71
9 72
9 74
9 76
9 77
9 79
9 87
9 91
9 94
9 95
9 96
9 97
9 98
9 99
10 53
10 56
10 57
10 63
10 67
10 68
10 71
10 73
10 74
10 75
10 77
10 78
10 79
10 81
10 83
10 84
10 90
10 92
10 93
10 95
10 96
10 99
11 50
11 57
11 61
11 62
11 64
11 69
11 76
11 77
11 80
11 81
11 82
11 83
11 91
11 92
11 94
11 97
11 99
12 50
12 52
12 53
12 54
12 58
12 66
12 69
12 70
12 71
12 75
12 76
12 77
12 80
12 81
12 85
12 88
12 91
12 92
12 94
13 50
13 56
13 57
13 59
13 60
13 61
13 62
13 63
13 64
13 66
13 68
13 69
13 71
13 73
13 74
13 75
13 77
13 78
13 81
13 82
13 84
13 89
13 91
13 92
13 94
13 95
13 96
13 98
13 99
14 50
14 51
14 52
14 53
14 54
14 55
14 56
14 58
14 61
14 65
14 68
14 72
14 74
14 77
14 78
14 79
14 81
14 82
14 83
14 85
14 88
14 91
14 92
14 94
14 97
14 98
14 99
15 50
15 53
15 55
15 57
15 58
15 60
15 61
15 62
15 70
15 71
15 73
15 75
15 77
15 78
15 80
15 82
15 83
15 84
15 86
15 90
15 91
15 92
15 93
15 94
16 51
16 54
16 55
16 57
16 65
16 68
16 69
16 73
16 74
16 76
16 79
16 81
16 82
16 84
16 86
16 89
16 92
16 94
16 95
16 96
16 98
17 50
17 52
17 53
17 55
17 57
17 58
17 59
17 61
17 62
17 64
17 66
17 68
17 69
17 70
17 73
17 74
17 75
17 76
17 78
17 79
17 80
17 81
17 86
17 87
17 93
17 94
17 96
17 98
17 99
18 50
18 51
18 52
18 53
18 54
18 55
18 56
18 57
18 58
18 60
18 64
18 65
18 71
18 73
18 75
18 76
18 77
18 78
18 79
18 86
18 90
18 93
18 96
18 97
18 98
18 99
19 51
19 57
19 58
19 60
19 61
19 62
19 64
19 66
19 67
19 70
19 71
19 72
19 73
19 74
19 75
19 76
19 79
19 81
19 82
19 83
19 86
19 89
19 92
19 93
19 94
19 95
19 97
19 98
20 50
20 52
20 53
20 57
20 58
20 59
20 60
20 64
20 65
20 68
20 70
20 71
20 74
20 75
20 76
20 78
20 79
20 80
20 81
20 84
20 85
20 86
20 87
20 91
20 92
20 93
20 94
20 99
21 53
21 57
21 58
21 59
21 60
21 61
21 63
21 64
21 65
21 67
21 73
21 74
21 79
21 80
21 84
21 86
21 91
21 93
21 95
21 96
21 98
22 50
22 51
22 54
22 56
22 65
22 66
22 68
22 69
22 70
22 71
22 72
22 75
22 76
22 78
22 80
22 81
22 87
22 90
22 92
22 93
22 94
22 99
23 51
23 54
23 55
23 56
23 65
23 66
23 68
23 71
23 72
23 73
23 75
23 76
23 77
23 78
23 79
23 80
23 83
23 85
23 86
23 87
23 88
23 89
23 94
23 95
23 96
23 97
23 99
24 50
24 51
24 53
24 57
24 58
24 59
24 60
24 61
24 67
24 68
24 70
24 72
24 73
24 76
24 78
24 80
24 82
24 83
24 84
24 87
24 91
24 93
24 96
25 51
25 57
25 59
25 61
25 63
25 64
25 65
25 71
25 73
25 74
25 75
25 77
25 81
25 83
25 84
25 86
25 88
25 92
25 93
25 97
25 98
26 50
26 51
26 53
26 54
26 55
26 58
26 60
26 61
26 63
26 64
26 66
26 68
26 69
26 70
26 72
26 73
26 74
26 77
26 78
26 80
26 81
26 83
26 84
26 85
26 86
26 87
26 89
26 90
26 91
26 92
26 95
26 97
26 98
26 99
27 52
27 53
27 54
27 55
27 57
27 58
27 59
27 60
27 62
27 64
27 65
27 68
27 71
27 73
27 74
27 76
27 77
27 79
27 81
27 84
27 85
27 86
27 87
27 88
27 89
27 90
27 94
27 95
27 97
27 99
28 50
28 52
28 55
28 57
28 58
28 59
28 60
28 62
28 63
28 64
28 68
28 71
28 72
28 73
28 74
28 75
28 76
28 77
28 80
28 81
28 82
28 84
28 87
28 88
28 91
28 92
28 93
28 94
28 96
28 97
29 52
29 56
29 58
29 60
29 61
29 62
29 63
29 65
29 66
29 68
29 69
29 71
29 73
29 76
29 77
29 81
29 82
29 84
29 85
29 88
29 95
29 96
29 99
30 56
30 57
30 59
30 60
30 61
30 63
30 64
30 65
30 66
30 67
30 69
30 76
30 78
30 79
30 81
30 83
30 84
30 85
30 86
30 87
30 89
30 92
30 94
30 96
30 97
30 99
31 50
31 51
31 52
31 54
31 61
31 62
31 63
31 66
31 67
31 68
31 71
31 77
31 79
31 80
31 82
31 85
31 86
31 89
31 91
31 92
31 93
31 94
31 95
31 96
31 97
31 98
31 99
32 51
32 52
32 54
32 57
32 58
32 59
32 60
32 61
32 62
32 66
32 67
32 69
32 70
32 72
32 74
32 76
32 78
32 80
32 81
32 82
32 84
32 86
32 87
32 88
32 94
32 95
32 96
32 99
33 50
33 51
33 52
33 54
33 56
33 57
33 59
33 61
33 62
33 64
33 65
33 67
33 68
33 69
33 70
33 71
33 73
33 76
33 77
33 82
33 83
33 88
33 92
33 93
33 97
33 99
34 52
34 53
34 54
34 56
34 57
34 59
34 60
34 61
34 62
34 63
34 68
34 70
34 71
34 73
34 74
34 75
34 76
34 77
34 78
34 81
34 85
34 87
34 88
34 90
34 91
34 94
34 96
34 98
35 50
35 51
35 54
35 56
35 61
35 63
35 66
35 67
35 68
35 69
35 74
35 76
35 77
35 79
35 80
35 81
35 84
35 86
35 88
35 90
35 92
35 93
35 94
35 95
35 96
35 98
35 99
36 52
36 54
36 55
36 56
36 57
36 58
36 59
36 61
36 62
36 63
36 64
36 65
36 68
36 69
36 71
36 72
36 75
36 76
36 81
36 83
36 84
36 86
36 87
36 91
36 93
36 94
36 95
36 96
37 50
37 51
37 52
37 53
37 54
37 57
37 58
37 59
37 61
37 64
37 65
37 66
37 68
37 70
37 72
37 73
37 78
37 80
37 82
37 84
37 85
37 88
37 89
37 91
37 92
37 93
37 94
37 96
37 97
37 98
38 52
38 54
38 55
38 58
38 63
38 71
38 72
38 73
38 74
38 75
38 77
38 79
38 80
38 81
38 82
38 83
38 84
38 87
38 88
38 89
38 90
38 93
38 96
38 97
38 99
39 50
39 51
39 52
39 57
39 58
39 59
39 60
39 61
39 62
39 63
39 65
39 66
39 68
39 71
39 72
39 74
39 75
39 77
39 79
39 80
39 85
39 86
39 90
39 93
39 97
39 98
40 51
40 53
40 54
40 61
40 63
40 64
40 65
40 66
40 67
40 68
40 69
40 70
40 72
40 74
40 79
40 80
40 81
40 82
40 86
40 87
40 89
40 90
40 91
40 93
40 94
40 95
40 97
40 98
40 99
41 51
41 52
41 53
41 54
41 55
41 56
41 61
41 63
41 64
41 70
41 71
41 72
41 73
41 74
41 76
41 79
41 81
41 82
41 86
41 90
41 91
41 96
41 97
41 99
42 53
42 57
42 59
42 61
42 64
42 69
42 71
42 72
42 74
42 75
42 76
42 78
42 79
42 81
42 84
42 86
42 88
42 89
42 90
42 92
42 94
42 95
42 96
42 99
43 50
43 51
43 56
43 60
43 61
43 63
43 65
43 67
43 68
43 69
43 76
43 79
43 80
43 85
43 86
43 89
43 90
43 91
43 92
43 93
43 95
43 96
43 98
44 56
44 58
44 60
44 61
44 62
44 63
44 64
44 65
44 66
44 68
44 72
44 73
44 75
44 77
44 79
44 80
44 81
44 82
44 90
44 91
44 92
44 94
44 97
44 99
45 53
45 54
45 55
45 56
45 57
45 60
45 61
45 63
45 65
45 67
45 68
45 69
45 70
45 71
45 72
45 73
45 74
45 75
45 76
45 79
45 80
45 81
45 82
45 84
45 85
45 90
45 91
45 92
45 93
45 95
45 96
45 97
45 98
45 99
46 51
46 56
46 58
46 59
46 60
46 61
46 64
46 65
46 71
46 73
46 74
46 75
46 77
46 78
46 81
46 85
46 86
46 87
46 96
46 97
46 98
47 51
47 53
47 54
47 56
47 61
47 63
47 64
47 66
47 68
47 69
47 70
47 72
47 74
47 75
47 77
47 78
47 79
47 82
47 83
47 84
47 85
47 86
47 87
47 91
47 94
47 95
47 96
47 98
48 52
48 57
48 67
48 74
48 75
48 76
48 78
48 80
48 81
48 83
48 84
48 85
48 86
48 88
48 92
48 93
48 96
48 97
48 99
49 52
49 53
49 56
49 58
49 59
49 62
49 64
49 66
49 67
49 70
49 71
49 74
49 76
49 77
49 81
49 82
49 83
49 85
49 86
49 87
49 89
49 91
49 92
49 95
49 97
49 98
49 99
