200 5126
0 103
0 107
0 108
0 110
0 111
0 112
0 113
0 115
0 118
0 124
0 126
0 128
0 133
0 134
0 136
0 138
0 140
0 141
0 143
0 146
0 147
0 148
0 149
0 150
0 152
0 153
0 154
0 155
0 156
0 157
0 162
0 164
0 165
0 166
0 172
0 175
0 177
0 178
0 181
0 184
0 186
0 187
0 189
0 191
0 195
1 102
1 104
1 112
1 113
1 114
1 118
1 119
1 120
1 121
1 125
1 126
1 127
1 129
1 130
1 132
1 133
1 134
1 136
1 138
1 140
1 141
1 144
1 146
1 149
1 151
1 152
1 154
1 155
1 156
1 157
1 158
1 160
1 161
1 162
1 163
1 166
1 170
1 171
1 173
1 176
1 177
1 179
1 180
1 182
1 186
1 187
1 188
1 189
1 196
1 197
1 198
1 199
2 101
2 103
2 105
2 107
2 111
2 117
2 119
2 121
2 122
2 123
2 124
2 126
2 127
2 128
2 131
2 132
2 134
2 135
2 137
2 139
2 143
2 145
2 146
2 147
2 149
2 150
2 152
2 154
2 155
2 156
2 158
2 159
2 162
2 163
2 164
2 167
2 169
2 178
2 179
2 180
2 182
2 183
2 186
2 188
2 189
2 190
2 191
2 193
2 198
2 199
3 104
3 105
3 106
3 107
3 108
3 110
3 111
3 112
3 113
3 114
3 118
3 119
3 120
3 123
3 124
3 125
3 126
3 127
3 129
3 130
3 132
3 133
3 135
3 136
3 139
3 142
3 144
3 145
3 146
3 152
3 158
3 159
3 164
3 166
3 167
3 169
3 172
3 173
3 178
3 180
3 181
3 182
3 184
3 186
3 187
3 193
3 194
3 196
3 199
4 101
4 103
4 104
4 106
4 107
4 108
4 109
4 112
4 113
4 114
4 115
4 118
4 122
4 123
4 125
4 126
4 127
4 128
4 134
4 135
4 136
4 139
4 142
4 143
4 146
4 148
4 150
4 151
4 152
4 153
4 154
4 155
4 162
4 163
4 164
4 165
4 166
4 167
4 168
4 170
4 171
4 172
4 174
4 176
4 177
4 179
4 187
4 191
4 194
4 195
4 196
4 197
4 198
4 199
5 103
5 106
5 107
5 113
5 117
5 118
5 121
5 123
5 124
5 125
5 127
5 128
5 129
5 131
5 133
5 134
5 140
5 142
5 143
5 145
5 146
5 149
5 150
5 157
5 161
5 162
5 164
5 169
5 176
5 177
5 180
5 181
5 182
5 183
5 191
5 192
5 194
5 197
5 199
6 100
6 102
6 103
6 104
6 108
6 116
6 119
6 120
6 121
6 125
6 126
6 127
6 130
6 131
6 135
6 138
6 141
6 142
6 144
6 150
6 156
6 157
6 159
6 160
6 161
6 162
6 163
6 164
6 166
6 168
6 169
6 171
6 173
6 174
6 175
6 177
6 178
6 181
6 182
6 184
6 189
6 191
6 192
6 194
6 195
6 196
6 198
6 199
7 100
7 101
7 102
7 103
7 104
7 105
7 106
7 108
7 111
7 115
7 118
7 122
7 124
7 127
7 128
7 129
7 131
7 132
7 133
7 135
7 138
7 141
7 142
7 144
7 147
7 148
7 149
7 150
7 153
7 155
7 157
7 158
7 160
7 161
7 162
7 170
7 171
7 173
7 175
7 177
7 178
7 180
7 182
7 183
7 184
7 186
7 190
7 191
7 192
7 193
7 194
8 101
8 104
8 105
8 107
8 115
8 118
8 119
8 123
8 124
8 126
8 129
8 131
8 132
8 134
8 136
8 139
8 142
8 144
8 145
8 146
8 148
8 150
8 152
8 153
8 155
8 157
8 158
8 159
8 161
8 162
8 164
8 166
8 168
8 169
8 170
8 173
8 174
8 175
8 176
8 178
8 179
8 180
8 181
8 186
8 187
8 193
8 194
8 196
8 198
8 199
9 100
9 101
9 102
9 103
9 104
9 105
9 106
9 107
9 108
9 110
9 114
9 115
9 121
9 123
9 125
9 126
9 127
9 128
9 129
9 136
9 140
9 143
9 146
9 147
9 148
9 149
9 151
9 157
9 158
9 160
9 161
9 162
9 164
9 166
9 167
9 170
9 171
9 172
9 173
9 174
9 175
9 176
9 179
9 181
9 182
9 183
9 186
9 189
9 192
9 193
9 194
9 195
9 197
9 198
10 100
10 102
10 103
10 107
10 108
10 109
10 110
10 114
10 115
10 118
10 120
10 121
10 124
10 125
10 126
10 128
10 129
10 130
10 131
10 134
10 135
10 136
10 137
10 141
10 142
10 143
10 144
10 149
10 153
10 157
10 158
10 159
10 160
10 161
10 163
10 164
10 165
10 167
10 173
10 174
10 179
10 180
10 184
10 186
10 191
10 193
10 195
10 196
10 198
11 100
11 101
11 104
11 106
11 115
11 116
11 118
11 119
11 120
11 121
11 122
11 125
11 126
11 128
11 130
11 131
11 137
11 140
11 142
11 143
11 144
11 149
11 151
11 154
11 155
11 156
11 165
11 166
11 168
11 171
11 172
11 173
11 175
11 176
11 177
11 178
11 179
11 180
11 183
11 185
11 186
11 187
11 188
11 189
11 194
11 195
11 196
11 197
11 199
12 100
12 101
12 103
12 107
12 108
12 109
12 110
12 111
12 117
12 118
12 120
12 122
12 123
12 126
12 128
12 130
12 132
12 133
12 134
12 137
12 141
12 143
12 146
12 151
12 157
12 159
12 161
12 163
12 164
12 165
12 171
12 173
12 174
12 175
12 177
12 181
12 183
12 184
12 186
12 188
12 192
12 193
12 197
12 198
13 100
13 101
13 103
13 104
13 105
13 108
13 110
13 111
13 113
13 114
13 116
13 118
13 119
13 120
13 122
13 123
13 124
13 127
13 128
13 130
13 131
13 133
13 134
13 135
13 136
13 137
13 139
13 140
13 141
13 142
13 145
13 147
13 148
13 149
13 152
13 153
13 154
13 155
13 157
13 158
13 159
13 160
13 162
13 164
13 165
13 168
13 171
13 173
13 174
13 176
13 177
13 179
13 181
13 184
13 185
13 186
13 187
13 188
13 189
13 190
13 194
13 195
13 197
13 199
14 100
14 102
14 105
14 107
14 108
14 109
14 110
14 112
14 113
14 114
14 118
14 121
14 122
14 123
14 124
14 125
14 126
14 127
14 130
14 131
14 132
14 134
14 137
14 138
14 141
14 142
14 143
14 144
14 146
14 147
14 152
14 156
14 158
14 160
14 161
14 162
14 163
14 165
14 166
14 168
14 169
14 171
14 173
14 176
14 177
14 181
14 182
14 184
14 185
14 188
14 195
14 196
14 199
15 106
15 107
15 109
15 110
15 111
15 113
15 114
15 115
15 116
15 117
15 119
15 126
15 128
15 129
15 131
15 133
15 134
15 135
15 136
15 137
15 139
15 142
15 144
15 146
15 147
15 149
15 150
15 151
15 152
15 154
15 161
15 162
15 163
15 166
15 167
15 168
15 171
15 177
15 179
15 180
15 182
15 185
15 186
15 189
15 191
15 192
15 193
15 194
15 195
15 196
15 197
15 198
15 199
16 101
16 102
16 104
16 107
16 108
16 109
16 110
16 111
16 112
16 116
16 117
16 119
16 120
16 122
16 124
16 126
16 128
16 130
16 131
16 132
16 134
16 136
16 137
16 138
16 144
16 145
16 146
16 149
16 150
16 151
16 152
16 154
16 156
16 157
16 159
16 161
16 162
16 164
16 165
16 167
16 168
16 169
16 170
16 171
16 173
16 176
16 177
16 182
16 183
16 188
16 192
16 193
16 197
16 199
17 102
17 103
17 104
17 106
17 107
17 109
17 110
17 111
17 112
17 113
17 118
17 120
17 121
17 123
17 124
17 125
17 126
17 127
17 128
17 131
17 135
17 137
17 138
17 140
17 141
17 144
17 146
17 148
17 150
17 151
17 154
17 156
17 161
17 163
17 166
17 167
17 168
17 169
17 174
17 176
17 177
17 179
17 180
17 181
17 184
17 186
17 188
17 190
17 192
17 193
17 194
17 195
17 196
17 198
17 199
18 102
18 104
18 105
18 106
18 107
18 108
18 109
18 111
18 112
18 113
18 114
18 115
18 118
18 119
18 121
18 122
18 125
18 126
18 131
18 133
18 134
18 136
18 137
18 141
18 143
18 144
18 145
18 146
18 150
18 151
18 152
18 153
18 154
18 157
18 158
18 159
18 161
18 164
18 165
18 166
18 168
18 170
18 172
18 173
18 178
18 180
18 182
18 184
18 185
18 188
18 189
18 191
18 192
18 193
18 194
18 196
18 197
18 198
19 102
19 104
19 105
19 108
19 113
19 121
19 122
19 123
19 124
19 125
19 127
19 129
19 130
19 131
19 132
19 133
19 134
19 137
19 138
19 139
19 140
19 143
19 146
19 147
19 149
19 150
19 151
19 152
19 157
19 158
19 159
19 160
19 161
19 162
19 163
19 165
19 166
19 168
19 171
19 172
19 174
19 175
19 177
19 179
19 180
19 185
19 186
19 190
19 193
19 197
19 198
20 101
20 103
20 104
20 111
20 113
20 114
20 115
20 116
20 117
20 118
20 119
20 120
20 122
20 124
20 129
20 130
20 131
20 132
20 136
20 137
20 139
20 140
20 141
20 143
20 144
20 145
20 147
20 148
20 149
20 151
20 152
20 153
20 154
20 155
20 156
20 161
20 163
20 164
20 170
20 171
20 172
20 173
20 174
20 176
20 179
20 181
20 182
20 186
20 190
20 191
20 196
20 197
20 199
21 103
21 107
21 109
21 111
21 114
21 119
21 121
21 122
21 124
21 125
21 126
21 128
21 129
21 131
21 134
21 136
21 138
21 139
21 140
21 142
21 144
21 145
21 146
21 149
21 150
21 151
21 156
21 160
21 161
21 163
21 165
21 167
21 168
21 169
21 176
21 179
21 180
21 185
21 186
21 189
21 190
21 191
21 192
21 193
21 195
21 196
21 198
22 106
22 108
22 110
22 111
22 112
22 113
22 114
22 115
22 116
22 118
22 122
22 123
22 125
22 127
22 129
22 130
22 131
22 132
22 140
22 141
22 142
22 144
22 147
22 149
22 153
22 154
22 155
22 156
22 157
22 160
22 161
22 163
22 165
22 167
22 168
22 169
22 170
22 171
22 172
22 173
22 174
22 175
22 176
22 179
22 180
22 181
22 182
22 184
22 185
22 190
22 191
22 192
22 193
22 195
22 196
22 197
22 198
22 199
23 101
23 106
23 108
23 109
23 110
23 111
23 114
23 115
23 121
23 123
23 124
23 125
23 127
23 128
23 131
23 135
23 136
23 137
23 146
23 147
23 148
23 151
23 153
23 154
23 156
23 161
23 163
23 164
23 166
23 168
23 169
23 170
23 172
23 174
23 175
23 177
23 178
23 179
23 182
23 183
23 184
23 185
23 186
23 187
23 191
23 194
23 195
23 196
23 198
24 102
24 107
24 117
24 124
24 125
24 126
24 128
24 130
24 131
24 133
24 134
24 135
24 136
24 138
24 142
24 143
24 146
24 147
24 149
24 152
24 153
24 156
24 158
24 159
24 162
24 164
24 166
24 167
24 170
24 171
24 174
24 176
24 177
24 181
24 182
24 183
24 185
24 186
24 187
24 189
24 191
24 192
24 195
24 197
24 198
24 199
25 101
25 102
25 105
25 107
25 108
25 110
25 112
25 113
25 114
25 118
25 120
25 122
25 123
25 125
25 126
25 127
25 128
25 130
25 133
25 134
25 136
25 137
25 138
25 140
25 142
25 143
25 145
25 147
25 149
25 151
25 154
25 155
25 157
25 160
25 162
25 163
25 164
25 168
25 169
25 171
25 173
25 179
25 180
25 181
25 182
25 185
25 187
25 188
25 189
25 193
25 194
25 195
25 196
25 199
26 100
26 101
26 102
26 103
26 105
26 106
26 111
26 113
26 114
26 115
26 116
26 117
26 120
26 121
26 122
26 125
26 127
26 128
26 130
26 132
26 133
26 136
26 138
26 141
26 144
26 146
26 147
26 149
26 151
26 154
26 155
26 156
26 157
26 159
26 160
26 161
26 162
26 168
26 169
26 171
26 175
26 178
26 179
26 180
26 182
26 185
26 186
26 188
26 194
26 196
26 199
27 101
27 102
27 111
27 112
27 113
27 114
27 115
27 117
27 120
27 121
27 122
27 123
27 124
27 125
27 126
27 129
27 134
27 135
27 136
27 137
27 139
27 140
27 143
27 144
27 147
27 148
27 151
27 153
27 155
27 157
27 161
27 164
27 167
27 169
27 170
27 174
27 175
27 177
27 178
27 179
27 183
27 185
27 186
27 191
27 192
27 193
27 196
27 197
27 198
27 199
28 100
28 102
28 103
28 105
28 107
28 112
28 113
28 114
28 119
28 121
28 122
28 123
28 125
28 126
28 129
28 132
28 135
28 136
28 137
28 138
28 141
28 142
28 149
28 153
28 155
28 156
28 157
28 158
28 163
28 164
28 168
28 170
28 173
28 175
28 176
28 179
28 180
28 181
28 182
28 185
28 188
28 189
28 190
28 193
28 194
28 195
28 196
29 103
29 104
29 106
29 107
29 109
29 112
29 113
29 117
29 118
29 119
29 122
29 124
29 125
29 130
29 134
29 137
29 139
29 144
29 146
29 150
29 151
29 153
29 154
29 156
29 158
29 162
29 163
29 164
29 165
29 167
29 170
29 171
29 175
29 176
29 178
29 179
29 181
29 185
29 186
29 187
29 188
29 190
29 191
29 193
29 194
29 196
29 198
29 199
30 100
30 101
30 103
30 104
30 106
30 107
30 110
30 111
30 113
30 114
30 116
30 120
30 121
30 122
30 123
30 124
30 125
30 126
30 127
30 130
30 131
30 133
30 134
30 135
30 136
30 137
30 139
30 145
30 146
30 148
30 150
30 152
30 155
30 156
30 157
30 158
30 161
30 162
30 163
30 164
30 165
30 166
30 167
30 169
30 172
30 173
30 175
30 176
30 178
30 179
30 181
30 182
30 183
30 186
30 188
30 192
30 193
30 194
30 198
30 199
31 100
31 101
31 102
31 105
31 111
31 112
31 113
31 115
31 117
31 118
31 120
31 122
31 123
31 124
31 126
31 129
31 134
31 136
31 137
31 138
31 139
31 140
31 142
31 144
31 147
31 148
31 150
31 155
31 158
31 159
31 160
31 164
31 165
31 166
31 167
31 168
31 170
31 171
31 172
31 173
31 175
31 176
31 181
31 184
31 187
31 189
31 190
31 192
31 193
31 197
31 198
32 101
32 103
32 105
32 108
32 111
32 112
32 115
32 117
32 119
32 120
32 121
32 122
32 124
32 125
32 126
32 128
32 130
32 132
32 133
32 134
32 136
32 138
32 144
32 146
32 147
32 153
32 157
32 163
32 164
32 166
32 167
32 168
32 169
32 170
32 172
32 173
32 175
32 177
32 182
32 184
32 186
32 188
32 189
32 191
32 192
32 194
32 195
32 196
32 199
33 100
33 101
33 102
33 103
33 105
33 106
33 107
33 108
33 109
33 112
33 113
33 117
33 119
33 120
33 122
33 123
33 124
33 129
33 131
33 136
33 137
33 138
33 139
33 141
33 143
33 147
33 150
33 155
33 156
33 157
33 159
33 160
33 165
33 167
33 169
33 171
33 172
33 175
33 179
33 180
33 181
33 182
33 184
33 185
33 186
33 187
33 188
33 190
33 191
33 194
33 195
33 198
34 100
34 105
34 109
34 111
34 112
34 113
34 116
34 119
34 120
34 121
34 124
34 126
34 127
34 129
34 133
34 137
34 140
34 146
34 148
34 154
34 155
34 159
34 162
34 163
34 166
34 168
34 171
34 173
34 175
34 176
34 177
34 180
34 183
34 185
34 186
34 187
34 189
34 190
34 194
34 196
34 197
35 100
35 103
35 105
35 112
35 114
35 115
35 116
35 117
35 120
35 122
35 126
35 127
35 137
35 138
35 141
35 143
35 144
35 149
35 153
35 154
35 156
35 157
35 158
35 159
35 160
35 166
35 168
35 169
35 170
35 172
35 174
35 177
35 179
35 182
35 183
35 189
35 190
35 191
35 194
35 195
35 197
35 198
35 199
36 100
36 101
36 102
36 105
36 107
36 108
36 109
36 110
36 112
36 114
36 117
36 118
36 121
36 125
36 126
36 127
36 130
36 132
36 133
36 135
36 138
36 140
36 141
36 146
36 148
36 149
36 150
36 151
36 152
36 155
36 156
36 159
36 161
36 162
36 164
36 165
36 166
36 167
36 169
36 170
36 171
36 172
36 175
36 179
36 181
36 182
36 183
36 185
36 186
36 192
36 193
36 195
36 196
36 198
37 102
37 103
37 105
37 106
37 108
37 109
37 110
37 111
37 112
37 113
37 115
37 118
37 119
37 121
37 123
37 124
37 125
37 127
37 128
37 130
37 133
37 134
37 136
37 137
37 139
37 140
37 142
37 143
37 144
37 145
37 146
37 150
37 152
37 154
37 157
37 158
37 160
37 161
37 165
37 167
37 169
37 171
37 172
37 175
37 176
37 177
37 178
37 182
37 186
37 189
37 192
37 193
37 195
37 196
37 197
37 198
37 199
38 100
38 101
38 104
38 105
38 107
38 109
38 112
38 114
38 118
38 120
38 121
38 123
38 125
38 127
38 129
38 131
38 132
38 133
38 135
38 137
38 140
38 141
38 142
38 145
38 146
38 153
38 154
38 155
38 158
38 160
38 161
38 162
38 166
38 167
38 168
38 170
38 171
38 172
38 176
38 177
38 178
38 181
38 182
38 183
38 186
38 188
38 193
38 195
38 197
38 198
38 199
39 101
39 102
39 103
39 104
39 105
39 106
39 108
39 109
39 112
39 115
39 119
39 121
39 123
39 124
39 126
39 129
39 130
39 134
39 138
39 139
39 140
39 142
39 147
39 149
39 155
39 157
39 164
39 171
39 172
39 173
39 174
39 175
39 176
39 177
39 178
39 180
39 181
39 182
39 184
39 185
39 189
39 193
39 194
39 196
39 197
40 101
40 103
40 105
40 108
40 109
40 110
40 112
40 113
40 115
40 116
40 121
40 128
40 129
40 130
40 132
40 134
40 137
40 138
40 139
40 140
40 141
40 143
40 145
40 146
40 149
40 151
40 152
40 155
40 156
40 160
40 161
40 163
40 164
40 165
40 166
40 172
40 174
40 175
40 176
40 177
40 178
40 179
40 180
40 181
40 183
40 184
40 185
40 188
40 189
40 191
40 193
40 195
40 196
40 197
40 198
41 100
41 102
41 103
41 104
41 105
41 108
41 109
41 110
41 111
41 112
41 113
41 114
41 117
41 118
41 121
41 128
41 133
41 134
41 136
41 139
41 141
41 146
41 148
41 149
41 150
41 153
41 154
41 156
41 157
41 160
41 161
41 163
41 166
41 169
41 176
41 177
41 180
41 181
41 183
41 184
41 189
41 190
41 191
41 192
41 195
41 196
41 198
41 199
42 103
42 106
42 108
42 109
42 110
42 111
42 118
42 119
42 120
42 122
42 124
42 127
42 128
42 129
42 130
42 131
42 132
42 133
42 136
42 143
42 146
42 147
42 148
42 151
42 152
42 154
42 155
42 156
42 157
42 158
42 159
42 160
42 164
42 165
42 166
42 168
42 169
42 171
42 176
42 177
42 178
42 182
42 183
42 185
42 186
42 187
42 191
42 193
42 194
42 196
42 198
42 199
43 100
43 104
43 105
43 106
43 108
43 109
43 111
43 112
43 113
43 114
43 115
43 120
43 123
43 125
43 127
43 129
43 130
43 131
43 133
43 137
43 138
43 139
43 140
43 141
43 143
43 145
43 146
43 148
43 149
43 150
43 153
43 158
43 159
43 164
43 168
43 169
43 173
43 175
43 176
43 177
43 178
43 179
43 180
43 181
43 183
43 184
43 186
43 187
43 188
43 190
43 191
43 192
43 195
43 196
43 199
44 100
44 104
44 105
44 107
44 110
44 112
44 113
44 114
44 115
44 119
44 121
44 122
44 123
44 128
44 129
44 130
44 131
44 133
44 134
44 135
44 137
44 138
44 139
44 140
44 141
44 144
44 145
44 147
44 148
44 152
44 154
44 155
44 156
44 157
44 161
44 162
44 163
44 164
44 168
44 169
44 173
44 176
44 180
44 181
44 182
44 184
44 186
44 187
44 191
44 195
44 196
44 197
45 104
45 105
45 106
45 107
45 108
45 112
45 113
45 114
45 117
45 118
45 120
45 121
45 122
45 123
45 126
45 128
45 129
45 131
45 132
45 136
45 137
45 138
45 139
45 140
45 141
45 142
45 144
45 148
45 149
45 150
45 151
45 152
45 155
45 158
45 159
45 165
45 166
45 167
45 170
45 171
45 175
45 176
45 177
45 178
45 180
45 181
45 185
45 188
45 189
45 190
45 193
45 195
45 197
45 199
46 100
46 101
46 103
46 104
46 106
46 116
46 117
46 119
46 121
46 122
46 124
46 130
46 132
46 133
46 138
46 141
46 142
46 147
46 148
46 149
46 151
46 152
46 155
46 157
46 159
46 161
46 163
46 164
46 165
46 166
46 170
46 174
46 175
46 176
46 179
46 181
46 182
46 184
46 185
46 186
46 189
46 190
46 191
46 192
46 194
46 195
46 196
46 198
46 199
47 100
47 102
47 103
47 104
47 105
47 106
47 107
47 108
47 109
47 110
47 111
47 112
47 118
47 119
47 121
47 123
47 124
47 125
47 128
47 130
47 135
47 136
47 138
47 139
47 140
47 141
47 142
47 147
47 148
47 150
47 154
47 155
47 158
47 160
47 162
47 166
47 170
47 171
47 172
47 173
47 179
47 180
47 181
47 186
47 192
47 194
47 196
47 198
48 100
48 102
48 104
48 105
48 106
48 107
48 110
48 113
48 114
48 121
48 123
48 125
48 128
48 131
48 133
48 136
48 139
48 140
48 142
48 143
48 146
48 147
48 148
48 149
48 153
48 157
48 158
48 159
48 160
48 161
48 163
48 164
48 165
48 166
48 167
48 170
48 172
48 173
48 176
48 178
48 181
48 182
48 183
48 185
48 191
48 195
48 196
48 198
48 199
49 101
49 102
49 105
49 107
49 110
49 111
49 112
49 113
49 115
49 116
49 118
49 119
49 120
49 123
49 124
49 125
49 126
49 128
49 133
49 134
49 136
49 137
49 139
49 140
49 142
49 143
49 146
49 147
49 149
49 153
49 155
49 157
49 160
49 161
49 162
49 163
49 165
49 166
49 169
49 173
49 176
49 179
49 181
49 186
49 187
49 188
49 193
49 195
49 197
49 198
50 100
50 102
50 103
50 105
50 108
50 109
50 110
50 113
50 116
50 117
50 118
50 120
50 121
50 124
50 126
50 128
50 130
50 131
50 132
50 134
50 135
50 137
50 138
50 139
50 140
50 142
50 143
50 146
50 148
50 149
50 151
50 153
50 154
50 158
50 159
50 160
50 161
50 162
50 165
50 167
50 168
50 169
50 172
50 174
50 175
50 176
50 178
50 180
50 181
50 182
50 184
50 186
50 192
50 193
50 194
50 199
51 100
51 102
51 105
51 107
51 108
51 109
51 110
51 112
51 113
51 116
51 118
51 122
51 123
51 126
51 127
51 129
51 130
51 134
51 135
51 136
51 138
51 139
51 140
51 141
51 144
51 145
51 148
51 149
51 150
51 154
51 157
51 158
51 159
51 160
51 162
51 163
51 164
51 166
51 167
51 168
51 172
51 174
51 176
51 178
51 179
51 181
51 182
51 183
51 184
51 191
51 192
51 194
51 198
51 199
52 100
52 103
52 104
52 105
52 108
52 110
52 111
52 112
52 114
52 115
52 117
52 118
52 120
52 121
52 122
52 125
52 126
52 127
52 130
52 133
52 136
52 137
52 138
52 139
52 141
52 142
52 143
52 148
52 149
52 150
52 152
52 153
52 154
52 155
52 157
52 160
52 162
52 164
52 167
52 168
52 169
52 170
52 171
52 172
52 174
52 176
52 177
52 178
52 181
52 182
52 183
52 186
52 187
52 188
52 189
52 193
52 197
53 102
53 103
53 108
53 109
53 111
53 113
53 114
53 117
53 118
53 119
53 121
53 124
53 127
53 129
53 131
53 134
53 141
53 143
53 144
53 146
53 147
53 149
53 150
53 154
53 155
53 157
53 158
53 160
53 161
53 162
53 163
53 164
53 165
53 166
53 167
53 168
53 170
53 172
53 173
53 174
53 175
53 176
53 179
53 180
53 181
53 182
53 183
53 184
53 185
53 187
53 189
53 190
53 193
53 194
53 195
54 100
54 103
54 104
54 106
54 108
54 109
54 110
54 112
54 113
54 114
54 115
54 116
54 117
54 118
54 119
54 120
54 122
54 123
54 125
54 127
54 128
54 131
54 132
54 135
54 136
54 137
54 138
54 139
54 140
54 141
54 143
54 144
54 145
54 148
54 151
54 155
54 156
54 158
54 160
54 167
54 168
54 169
54 170
54 174
54 176
54 177
54 179
54 183
54 184
54 187
54 189
54 193
54 196
54 198
54 199
55 101
55 102
55 106
55 108
55 109
55 112
55 114
55 119
55 123
55 124
55 125
55 130
55 131
55 132
55 133
55 137
55 138
55 139
55 140
55 142
55 144
55 148
55 151
55 153
55 156
55 158
55 165
55 167
55 168
55 170
55 171
55 173
55 174
55 177
55 180
55 181
55 183
55 188
55 191
55 192
55 194
55 196
55 199
56 100
56 101
56 105
56 106
56 112
56 113
56 117
56 118
56 119
56 120
56 123
56 127
56 129
56 130
56 131
56 132
56 141
56 142
56 143
56 144
56 145
56 147
56 148
56 151
56 153
56 154
56 156
56 157
56 160
56 163
56 164
56 165
56 166
56 167
56 168
56 169
56 174
56 175
56 176
56 177
56 178
56 180
56 182
56 184
56 185
56 191
56 193
56 194
56 198
56 199
57 102
57 103
57 107
57 108
57 109
57 112
57 115
57 117
57 122
57 124
57 125
57 127
57 128
57 131
57 132
57 133
57 135
57 136
57 137
57 138
57 139
57 140
57 141
57 142
57 143
57 145
57 146
57 148
57 149
57 151
57 155
57 156
57 157
57 158
57 159
57 160
57 164
57 165
57 170
57 173
57 174
57 175
57 176
57 177
57 178
57 185
57 186
57 188
57 189
57 191
57 197
57 198
58 100
58 102
58 103
58 108
58 110
58 111
58 112
58 113
58 114
58 116
58 119
58 121
58 122
58 124
58 125
58 127
58 128
58 133
58 134
58 136
58 138
58 140
58 141
58 142
58 143
58 148
58 150
58 152
58 153
58 154
58 156
58 157
58 159
58 162
58 164
58 165
58 167
58 170
58 171
58 172
58 173
58 175
58 176
58 178
58 180
58 181
58 183
58 184
58 185
58 186
58 187
58 190
58 191
58 192
58 194
58 195
58 196
58 198
59 100
59 106
59 109
59 110
59 111
59 115
59 116
59 117
59 118
59 120
59 123
59 124
59 126
59 128
59 129
59 131
59 135
59 136
59 137
59 144
59 146
59 150
59 153
59 156
59 157
59 158
59 162
59 163
59 166
59 167
59 168
59 170
59 172
59 173
59 174
59 175
59 176
59 177
59 188
59 189
59 192
59 195
59 197
59 198
60 100
60 104
60 106
60 107
60 108
60 109
60 113
60 114
60 115
60 117
60 118
60 119
60 120
60 122
60 124
60 126
60 127
60 128
60 132
60 133
60 135
60 136
60 138
60 139
60 140
60 143
60 145
60 146
60 147
60 151
60 153
60 154
60 156
60 159
60 160
60 161
60 162
60 163
60 166
60 167
60 172
60 173
60 174
60 175
60 177
60 178
60 179
60 180
60 181
60 184
60 185
60 188
60 190
60 192
60 193
60 195
60 196
61 100
61 101
61 105
61 106
61 107
61 108
61 114
61 115
61 116
61 117
61 119
61 120
61 121
61 122
61 124
61 129
61 130
61 131
61 134
61 138
61 139
61 142
61 143
61 144
61 146
61 147
61 148
61 149
61 150
61 151
61 152
61 153
61 154
61 156
61 157
61 159
61 162
61 164
61 167
61 168
61 170
61 177
61 178
61 179
61 180
61 182
61 184
61 185
61 188
61 190
61 192
61 193
61 199
62 101
62 102
62 103
62 108
62 114
62 115
62 118
62 119
62 120
62 121
62 122
62 123
62 124
62 125
62 127
62 128
62 132
62 134
62 139
62 141
62 144
62 145
62 146
62 149
62 153
62 156
62 158
62 159
62 161
62 162
62 163
62 165
62 168
62 169
62 172
62 177
62 180
62 182
62 183
62 185
62 190
62 191
62 193
62 194
62 196
62 197
62 198
62 199
63 100
63 101
63 102
63 103
63 108
63 111
63 113
63 114
63 115
63 117
63 120
63 123
63 124
63 125
63 126
63 130
63 134
63 136
63 140
63 141
63 142
63 143
63 144
63 146
63 149
63 151
63 153
63 155
63 156
63 157
63 158
63 159
63 160
63 162
63 163
63 165
63 166
63 167
63 169
63 171
63 174
63 175
63 180
63 181
63 183
63 184
63 185
63 186
63 189
63 190
63 191
63 193
63 196
63 197
63 199
64 100
64 101
64 104
64 105
64 106
64 108
64 111
64 113
64 114
64 115
64 117
64 118
64 119
64 122
64 123
64 126
64 128
64 130
64 132
64 133
64 134
64 138
64 144
64 145
64 146
64 148
64 150
64 153
64 155
64 158
64 162
64 164
64 165
64 166
64 167
64 170
64 175
64 178
64 179
64 182
64 187
64 188
64 189
64 191
64 194
64 195
64 196
64 197
64 198
65 100
65 101
65 106
65 107
65 108
65 109
65 110
65 111
65 113
65 114
65 115
65 116
65 124
65 125
65 130
65 131
65 132
65 133
65 134
65 135
65 136
65 142
65 144
65 145
65 147
65 151
65 153
65 155
65 156
65 157
65 158
65 160
65 162
65 163
65 165
65 167
65 169
65 171
65 172
65 175
65 177
65 178
65 180
65 184
65 186
65 188
65 191
65 193
65 194
65 195
65 196
65 199
66 102
66 104
66 105
66 108
66 110
66 112
66 116
66 117
66 120
66 121
66 126
66 130
66 133
66 134
66 135
66 137
66 138
66 139
66 140
66 141
66 142
66 144
66 145
66 146
66 150
66 151
66 152
66 153
66 154
66 159
66 160
66 161
66 164
66 165
66 166
66 168
66 174
66 179
66 183
66 185
66 186
66 195
66 197
67 100
67 101
67 104
67 105
67 109
67 113
67 116
67 119
67 120
67 122
67 124
67 129
67 130
67 133
67 134
67 138
67 142
67 144
67 145
67 147
67 148
67 150
67 152
67 154
67 155
67 158
67 159
67 160
67 161
67 162
67 163
67 166
67 167
67 168
67 169
67 171
67 172
67 174
67 177
67 179
67 180
67 181
67 185
67 189
67 190
67 193
67 195
67 197
67 198
67 199
68 100
68 101
68 104
68 106
68 107
68 108
68 109
68 117
68 118
68 121
68 122
68 125
68 127
68 128
68 129
68 130
68 131
68 132
68 133
68 134
68 137
68 139
68 142
68 143
68 144
68 145
68 146
68 147
68 148
68 150
68 151
68 153
68 154
68 155
68 156
68 157
68 159
68 160
68 161
68 162
68 167
68 169
68 172
68 173
68 174
68 177
68 178
68 179
68 180
68 184
68 186
68 189
68 191
68 192
68 193
68 197
68 199
69 100
69 102
69 105
69 109
69 110
69 111
69 112
69 113
69 117
69 118
69 122
69 123
69 125
69 126
69 127
69 129
69 133
69 134
69 137
69 140
69 141
69 142
69 144
69 145
69 147
69 148
69 149
69 150
69 151
69 153
69 154
69 155
69 156
69 158
69 159
69 161
69 162
69 164
69 166
69 167
69 169
69 170
69 174
69 176
69 180
69 181
69 184
69 186
69 188
69 191
69 193
69 196
69 197
69 199
70 101
70 106
70 109
70 110
70 111
70 113
70 114
70 116
70 118
70 120
70 121
70 122
70 124
70 127
70 128
70 131
70 132
70 133
70 135
70 137
70 138
70 140
70 142
70 144
70 146
70 147
70 148
70 150
70 153
70 155
70 157
70 158
70 159
70 160
70 161
70 164
70 166
70 167
70 170
70 171
70 172
70 179
70 180
70 183
70 184
70 187
70 188
70 189
70 193
70 194
70 195
70 196
70 197
71 100
71 101
71 103
71 108
71 109
71 110
71 113
71 114
71 118
71 119
71 121
71 122
71 123
71 124
71 126
71 127
71 129
71 130
71 131
71 132
71 134
71 136
71 139
71 141
71 142
71 144
71 145
71 146
71 147
71 148
71 151
71 152
71 153
71 156
71 157
71 159
71 160
71 161
71 162
71 163
71 167
71 168
71 169
71 171
71 174
71 176
71 178
71 179
71 181
71 182
71 183
71 186
71 187
71 189
71 190
71 192
71 193
71 194
71 195
71 199
72 100
72 101
72 103
72 105
72 108
72 109
72 111
72 112
72 113
72 114
72 116
72 118
72 119
72 120
72 121
72 124
72 126
72 129
72 132
72 134
72 135
72 136
72 143
72 149
72 152
72 153
72 155
72 158
72 160
72 161
72 162
72 163
72 166
72 169
72 172
72 173
72 174
72 175
72 176
72 177
72 180
72 182
72 184
72 185
72 191
72 192
72 193
72 195
72 196
72 197
72 198
72 199
73 100
73 105
73 108
73 115
73 121
73 123
73 126
73 129
73 132
73 136
73 138
73 141
73 143
73 144
73 146
73 148
73 149
73 150
73 153
73 154
73 156
73 158
73 159
73 160
73 161
73 164
73 165
73 166
73 167
73 168
73 169
73 174
73 175
73 176
73 177
73 178
73 181
73 182
73 184
73 186
73 187
73 188
73 189
73 190
73 191
73 193
73 195
73 197
73 199
74 100
74 101
74 103
74 105
74 106
74 107
74 109
74 112
74 119
74 121
74 122
74 126
74 128
74 129
74 133
74 136
74 137
74 138
74 140
74 145
74 147
74 148
74 150
74 151
74 152
74 153
74 154
74 156
74 157
74 158
74 159
74 160
74 161
74 162
74 163
74 166
74 167
74 169
74 171
74 172
74 173
74 174
74 177
74 178
74 180
74 181
74 184
74 186
74 188
74 190
74 191
74 192
74 197
74 198
75 100
75 101
75 102
75 103
75 105
75 106
75 108
75 110
75 114
75 115
75 116
75 118
75 120
75 121
75 122
75 123
75 124
75 125
75 128
75 130
75 133
75 135
75 139
75 143
75 144
75 145
75 146
75 147
75 148
75 149
75 151
75 153
75 154
75 157
75 158
75 159
75 161
75 163
75 166
75 167
75 168
75 169
75 172
75 173
75 174
75 177
75 180
75 181
75 182
75 183
75 184
75 187
75 188
75 190
75 192
75 194
75 195
75 197
75 198
76 101
76 103
76 105
76 106
76 107
76 108
76 113
76 114
76 117
76 123
76 125
76 127
76 129
76 131
76 133
76 134
76 135
76 136
76 137
76 138
76 139
76 140
76 141
76 143
76 148
76 149
76 151
76 153
76 157
76 159
76 160
76 162
76 164
76 167
76 170
76 181
76 182
76 183
76 184
76 187
76 191
76 192
76 194
76 195
77 100
77 106
77 109
77 110
77 111
77 113
77 116
77 118
77 120
77 122
77 123
77 127
77 128
77 130
77 131
77 136
77 137
77 139
77 142
77 143
77 144
77 146
77 148
77 149
77 151
77 152
77 153
77 155
77 158
77 159
77 161
77 162
77 164
77 166
77 169
77 170
77 171
77 173
77 177
77 181
77 182
77 187
77 188
77 192
78 100
78 103
78 104
78 105
78 106
78 109
78 111
78 112
78 113
78 116
78 117
78 123
78 124
78 127
78 131
78 133
78 134
78 135
78 136
78 137
78 140
78 142
78 143
78 147
78 148
78 152
78 154
78 157
78 158
78 161
78 162
78 164
78 167
78 168
78 169
78 170
78 171
78 175
78 176
78 177
78 180
78 182
78 183
78 185
78 187
78 188
78 191
78 192
78 193
78 194
78 195
78 196
78 199
79 102
79 104
79 105
79 107
79 109
79 111
79 112
79 117
79 118
79 120
79 123
79 124
79 132
79 133
79 135
79 138
79 139
79 150
79 152
79 153
79 155
79 159
79 161
79 162
79 163
79 164
79 165
79 166
79 168
79 171
79 172
79 176
79 177
79 179
79 180
79 181
79 182
79 183
79 186
79 187
79 188
79 189
79 191
79 192
79 193
79 194
79 195
79 196
79 197
79 198
79 199
80 105
80 106
80 107
80 110
80 113
80 114
80 116
80 117
80 123
80 125
80 130
80 131
80 137
80 139
80 140
80 141
80 143
80 145
80 149
80 152
80 155
80 157
80 165
80 170
80 171
80 173
80 175
80 179
80 180
80 181
80 182
80 185
80 186
80 189
80 190
80 191
80 193
80 194
80 197
81 100
81 101
81 102
81 103
81 106
81 107
81 108
81 109
81 111
81 112
81 113
81 114
81 115
81 116
81 117
81 119
81 122
81 123
81 124
81 125
81 128
81 130
81 132
81 137
81 138
81 139
81 141
81 142
81 143
81 145
81 149
81 154
81 156
81 157
81 158
81 159
81 161
81 164
81 166
81 168
81 169
81 171
81 172
81 174
81 176
81 177
81 180
81 182
81 184
81 187
81 192
81 195
81 196
81 199
82 104
82 105
82 106
82 108
82 110
82 112
82 113
82 114
82 116
82 117
82 118
82 120
82 121
82 123
82 124
82 126
82 127
82 129
82 132
82 133
82 138
82 142
82 143
82 145
82 149
82 150
82 151
82 154
82 155
82 157
82 158
82 159
82 161
82 162
82 164
82 165
82 166
82 167
82 168
82 170
82 171
82 173
82 179
82 182
82 185
82 189
82 190
82 193
82 194
82 197
83 102
83 104
83 105
83 108
83 109
83 113
83 117
83 118
83 120
83 122
83 123
83 125
83 126
83 127
83 128
83 131
83 132
83 133
83 134
83 135
83 142
83 144
83 146
83 147
83 148
83 151
83 153
83 156
83 157
83 158
83 162
83 165
83 167
83 168
83 170
83 173
83 177
83 178
83 180
83 182
83 183
83 184
83 185
83 186
83 189
83 190
83 193
83 194
83 195
83 196
83 197
83 199
84 105
84 107
84 109
84 110
84 112
84 114
84 115
84 117
84 121
84 129
84 130
84 131
84 133
84 135
84 136
84 138
84 139
84 140
84 143
84 144
84 145
84 147
84 149
84 150
84 153
84 154
84 155
84 156
84 157
84 158
84 159
84 160
84 162
84 169
84 170
84 171
84 172
84 175
84 178
84 182
84 183
84 184
84 185
84 186
84 188
84 189
84 190
84 191
84 193
84 195
84 196
84 199
85 101
85 103
85 106
85 107
85 108
85 109
85 115
85 117
85 119
85 120
85 121
85 125
85 126
85 127
85 128
85 130
85 132
85 133
85 136
85 138
85 140
85 144
85 146
85 148
85 150
85 152
85 156
85 158
85 159
85 160
85 162
85 166
85 167
85 170
85 175
85 176
85 177
85 178
85 179
85 180
85 181
85 183
85 184
85 185
85 186
85 187
85 188
85 191
85 192
85 193
85 194
85 199
86 102
86 103
86 104
86 105
86 111
86 112
86 120
86 121
86 125
86 127
86 131
86 132
86 137
86 138
86 140
86 143
86 145
86 151
86 152
86 154
86 155
86 159
86 160
86 162
86 163
86 164
86 165
86 169
86 171
86 172
86 177
86 182
86 183
86 185
86 186
86 190
86 191
86 192
86 193
86 196
86 197
86 198
87 102
87 103
87 104
87 106
87 107
87 110
87 112
87 113
87 115
87 117
87 118
87 120
87 126
87 127
87 128
87 129
87 131
87 135
87 137
87 140
87 142
87 143
87 145
87 146
87 147
87 149
87 150
87 152
87 153
87 158
87 159
87 160
87 162
87 163
87 164
87 165
87 172
87 175
87 177
87 178
87 180
87 182
87 183
87 191
87 193
87 194
87 197
88 106
88 107
88 111
88 113
88 114
88 118
88 121
88 122
88 126
88 127
88 128
88 129
88 131
88 132
88 133
88 134
88 135
88 139
88 141
88 143
88 144
88 148
88 151
88 152
88 155
88 156
88 159
88 160
88 161
88 164
88 167
88 170
88 177
88 180
88 181
88 182
88 183
88 184
88 185
88 186
88 189
88 190
88 194
88 199
89 100
89 101
89 104
89 105
89 107
89 108
89 111
89 113
89 115
89 117
89 119
89 120
89 122
89 123
89 124
89 125
89 127
89 129
89 132
89 133
89 134
89 136
89 137
89 138
89 139
89 142
89 143
89 144
89 148
89 149
89 151
89 152
89 153
89 154
89 159
89 160
89 162
89 163
89 166
89 167
89 175
89 178
89 180
89 181
89 182
89 183
89 184
89 187
89 188
89 189
89 191
89 192
89 193
89 195
89 198
89 199
90 101
90 102
90 105
90 106
90 107
90 108
90 109
90 110
90 114
90 115
90 116
90 117
90 119
90 121
90 122
90 123
90 126
90 128
90 129
90 130
90 133
90 134
90 136
90 137
90 139
90 140
90 142
90 145
90 148
90 150
90 151
90 154
90 155
90 156
90 157
90 159
90 161
90 162
90 165
90 166
90 167
90 168
90 169
90 171
90 172
90 173
90 178
90 179
90 180
90 182
90 183
90 184
90 185
90 189
90 190
90 192
90 193
90 194
90 196
90 197
90 199
91 102
91 103
91 104
91 106
91 108
91 112
91 114
91 115
91 116
91 118
91 119
91 120
91 121
91 122
91 125
91 126
91 128
91 129
91 130
91 131
91 133
91 134
91 135
91 136
91 140
91 141
91 142
91 144
91 147
91 148
91 151
91 153
91 155
91 157
91 160
91 166
91 167
91 168
91 169
91 170
91 173
91 175
91 176
91 179
91 180
91 185
91 186
91 187
91 189
91 190
91 192
91 193
91 194
91 195
91 196
91 199
92 100
92 101
92 104
92 105
92 107
92 108
92 109
92 112
92 113
92 114
92 116
92 119
92 120
92 123
92 124
92 126
92 127
92 128
92 129
92 131
92 133
92 139
92 141
92 142
92 144
92 145
92 148
92 149
92 151
92 153
92 156
92 157
92 159
92 160
92 163
92 164
92 165
92 167
92 168
92 169
92 170
92 171
92 173
92 174
92 175
92 176
92 177
92 178
92 180
92 188
92 190
92 191
92 192
92 194
92 198
92 199
93 100
93 102
93 103
93 104
93 105
93 106
93 107
93 110
93 111
93 113
93 114
93 120
93 121
93 122
93 124
93 127
93 128
93 129
93 131
93 132
93 133
93 134
93 136
93 138
93 139
93 140
93 141
93 143
93 145
93 146
93 147
93 148
93 149
93 151
93 152
93 154
93 155
93 160
93 161
93 162
93 163
93 164
93 165
93 168
93 169
93 171
93 172
93 178
93 179
93 184
93 185
93 187
93 190
93 191
93 192
93 193
93 197
94 100
94 101
94 102
94 103
94 105
94 112
94 113
94 115
94 118
94 119
94 120
94 122
94 124
94 125
94 126
94 128
94 129
94 131
94 132
94 133
94 134
94 136
94 141
94 143
94 146
94 147
94 148
94 149
94 153
94 155
94 158
94 159
94 160
94 161
94 162
94 163
94 164
94 165
94 171
94 173
94 174
94 179
94 180
94 183
94 184
94 186
94 187
94 188
94 189
94 192
94 197
94 198
95 101
95 104
95 105
95 106
95 107
95 108
95 109
95 112
95 114
95 115
95 116
95 117
95 118
95 119
95 120
95 122
95 123
95 127
95 130
95 133
95 134
95 140
95 143
95 144
95 145
95 146
95 148
95 149
95 150
95 152
95 153
95 154
95 156
95 157
95 158
95 160
95 164
95 167
95 171
95 172
95 174
95 179
95 180
95 182
95 184
95 185
95 187
95 191
95 192
95 193
95 194
95 196
95 197
96 100
96 101
96 104
96 107
96 110
96 111
96 113
96 115
96 119
96 125
96 127
96 128
96 130
96 133
96 134
96 135
96 140
96 144
96 147
96 150
96 153
96 154
96 155
96 156
96 160
96 166
96 167
96 168
96 169
96 173
96 178
96 179
96 180
96 182
96 184
96 185
96 187
96 188
96 190
96 193
96 194
96 195
97 101
97 104
97 106
97 108
97 109
97 110
97 112
97 113
97 116
97 121
97 122
97 123
97 124
97 126
97 128
97 130
97 131
97 133
97 134
97 139
97 142
97 146
97 147
97 149
97 151
97 152
97 153
97 155
97 156
97 161
97 164
97 168
97 170
97 174
97 175
97 176
97 178
97 179
97 184
97 188
97 189
97 192
97 195
97 197
97 199
98 100
98 101
98 102
98 103
98 105
98 108
98 110
98 111
98 112
98 114
98 118
98 120
98 121
98 123
98 125
98 126
98 128
98 130
98 131
98 137
98 138
98 139
98 142
98 143
98 144
98 145
98 146
98 149
98 150
98 154
98 157
98 158
98 160
98 161
98 162
98 165
98 166
98 167
98 168
98 169
98 172
98 175
98 177
98 180
98 182
98 183
98 185
98 188
98 189
98 193
98 195
98 196
98 198
99 101
99 102
99 103
99 104
99 105
99 106
99 107
99 108
99 109
99 111
99 113
99 115
99 118
99 121
99 122
99 123
99 124
99 126
99 128
99 132
99 133
99 134
99 136
99 138
99 141
99 143
99 144
99 145
99 146
99 149
99 151
99 152
99 153
99 154
99 156
99 158
99 160
99 161
99 162
99 163
99 165
99 166
99 167
99 168
99 169
99 171
99 172
99 173
99 174
99 181
99 182
99 184
99 185
99 186
99 187
99 189
99 192
99 193
99 194
99 197
99 198
99 199
