40 250
0 13
0 17
0 18
0 22
0 24
0 31
0 33
0 35
0 37
1 10
1 11
1 12
1 13
1 15
1 18
1 22
1 23
1 24
1 28
1 29
1 31
1 37
1 39
2 14
2 16
2 18
2 20
2 21
2 25
2 26
2 27
2 29
2 31
2 32
2 33
2 34
2 36
2 37
2 38
3 13
3 14
3 16
3 18
3 20
3 22
3 23
3 24
3 26
3 28
3 31
3 32
3 34
3 35
3 37
3 39
4 10
4 11
4 13
4 16
4 17
4 18
4 19
4 20
4 21
4 24
4 26
4 29
4 33
4 35
4 36
4 37
4 39
5 10
5 12
5 13
5 14
5 15
5 16
5 17
5 21
5 22
5 24
5 25
5 26
5 27
5 28
5 30
5 32
5 34
5 35
5 36
5 38
5 39
6 12
6 14
6 15
6 16
6 20
6 21
6 22
6 23
6 26
6 32
6 33
6 34
6 37
6 39
7 12
7 15
7 17
7 18
7 20
7 21
7 23
7 26
7 27
7 29
7 38
7 39
8 11
8 14
8 16
8 17
8 19
8 20
8 22
8 26
8 27
8 28
8 29
8 30
8 32
8 33
8 36
8 38
8 39
9 11
9 15
9 26
9 27
9 28
9 29
9 30
9 31
9 33
9 38
9 39
10 24
10 25
10 26
10 27
10 28
11 20
11 21
11 22
11 23
11 24
11 28
11 29
12 20
12 23
12 24
12 25
12 26
12 27
12 29
13 20
13 22
13 23
13 25
13 26
13 29
14 22
14 24
14 25
14 26
15 22
15 28
15 29
16 24
16 26
16 27
16 29
17 22
17 23
17 28
18 20
18 21
18 22
18 24
18 26
18 27
19 23
19 24
19 26
19 29
20 31
20 33
20 34
20 36
20 37
20 38
20 39
21 32
21 33
21 34
21 35
21 38
22 32
22 33
22 35
22 36
22 37
22 38
23 34
23 35
23 36
23 39
24 32
24 33
24 36
24 38
25 30
25 31
25 32
25 33
25 34
25 35
26 32
26 33
26 34
26 35
26 36
26 37
26 38
27 30
27 31
27 32
27 34
27 36
27 37
27 39
28 37
29 31
29 34
29 35
29 36
29 37
29 38
29 39
