200 6393
0 53
0 57
0 58
0 60
0 61
0 62
0 63
0 65
0 68
0 74
0 76
0 78
0 83
0 84
0 86
0 88
0 90
0 91
0 93
0 96
0 97
0 98
0 99
0 101
0 102
0 105
0 107
0 108
0 110
0 112
0 113
0 114
0 118
0 120
0 122
0 123
0 125
0 126
0 127
0 128
0 130
0 133
0 134
0 136
0 137
0 138
0 140
0 142
0 143
0 145
0 147
0 149
0 150
0 152
0 153
0 155
0 158
0 159
0 160
0 163
0 166
0 167
0 168
0 170
0 171
0 174
0 176
0 178
0 180
0 181
0 182
0 184
0 185
0 187
0 188
0 189
0 190
0 192
0 193
0 196
0 198
0 199
1 50
1 52
1 53
1 54
1 55
1 56
1 57
1 62
1 64
1 65
1 66
1 72
1 75
1 77
1 78
1 81
1 84
1 86
1 87
1 89
1 91
1 95
1 101
1 104
1 105
1 107
1 110
1 112
1 113
1 114
1 118
1 119
1 121
1 123
1 129
1 130
1 131
1 132
1 135
1 137
1 138
1 139
1 143
1 144
1 145
1 146
1 149
1 151
1 153
1 154
1 158
1 159
1 160
1 161
1 162
1 165
1 167
1 168
1 169
1 172
1 174
1 175
1 176
1 178
1 180
1 181
1 182
1 184
1 186
1 192
1 193
1 194
1 199
2 52
2 54
2 62
2 63
2 64
2 68
2 69
2 70
2 71
2 75
2 76
2 77
2 79
2 80
2 82
2 83
2 84
2 86
2 88
2 90
2 91
2 94
2 96
2 99
2 100
2 101
2 102
2 103
2 105
2 106
2 111
2 113
2 114
2 115
2 116
2 117
2 120
2 121
2 122
2 125
2 127
2 128
2 130
2 132
2 133
2 136
2 138
2 141
2 144
2 146
2 147
2 149
2 150
2 152
2 155
2 157
2 158
2 159
2 160
2 162
2 163
2 166
2 168
2 172
2 173
2 176
2 177
2 179
2 180
2 184
2 185
2 186
2 188
2 189
2 190
2 191
2 194
2 195
2 198
2 199
3 51
3 52
3 54
3 55
3 56
3 57
3 58
3 60
3 61
3 62
3 63
3 66
3 70
3 71
3 73
3 76
3 77
3 79
3 80
3 82
3 86
3 87
3 88
3 89
3 96
3 97
3 98
3 99
3 101
3 104
3 105
3 106
3 107
3 109
3 110
3 111
3 112
3 118
3 119
3 121
3 125
3 128
3 129
3 130
3 132
3 135
3 136
3 138
3 144
3 146
3 149
3 150
3 154
3 157
3 158
3 159
3 160
3 162
3 163
3 164
3 166
3 167
3 168
3 172
3 174
3 176
3 178
3 179
3 181
3 182
3 183
3 184
3 191
3 192
3 194
3 198
3 199
4 51
4 53
4 55
4 57
4 61
4 67
4 69
4 71
4 72
4 73
4 74
4 76
4 77
4 78
4 81
4 82
4 84
4 85
4 87
4 89
4 93
4 95
4 96
4 97
4 99
4 101
4 102
4 111
4 112
4 113
4 114
4 115
4 117
4 120
4 121
4 122
4 123
4 124
4 125
4 126
4 129
4 134
4 135
4 136
4 137
4 139
4 140
4 143
4 144
4 147
4 148
4 150
4 153
4 154
4 155
4 158
4 160
4 161
4 162
4 164
4 165
4 167
4 168
4 170
4 171
4 172
4 175
4 176
4 177
4 180
4 183
4 186
4 187
4 188
4 189
4 191
4 192
4 193
4 198
4 199
5 50
5 52
5 54
5 55
5 56
5 58
5 59
5 62
5 63
5 64
5 67
5 69
5 78
5 79
5 80
5 82
5 83
5 86
5 88
5 89
5 90
5 91
5 93
5 98
5 99
5 101
5 103
5 105
5 107
5 111
5 114
5 117
5 119
5 120
5 124
5 125
5 127
5 128
5 129
5 133
5 135
5 136
5 141
5 142
5 143
5 146
5 147
5 148
5 149
5 150
5 152
5 153
5 154
5 155
5 157
5 160
5 162
5 164
5 167
5 168
5 169
5 170
5 171
5 172
5 174
5 176
5 177
5 178
5 181
5 182
5 183
5 186
5 187
5 188
5 189
5 193
5 197
6 54
6 55
6 56
6 57
6 58
6 60
6 61
6 62
6 63
6 64
6 68
6 69
6 70
6 73
6 74
6 75
6 76
6 77
6 79
6 80
6 82
6 83
6 85
6 86
6 89
6 92
6 94
6 95
6 96
6 100
6 102
6 103
6 105
6 107
6 112
6 113
6 114
6 119
6 121
6 122
6 123
6 125
6 126
6 129
6 132
6 135
6 136
6 137
6 138
6 141
6 142
6 149
6 152
6 153
6 158
6 159
6 161
6 163
6 164
6 167
6 168
6 169
6 171
6 174
6 177
6 179
6 181
6 184
6 191
6 193
6 194
6 196
6 197
6 199
7 52
7 58
7 59
7 64
7 66
7 67
7 69
7 72
7 73
7 78
7 80
7 81
7 82
7 84
7 86
7 87
7 93
7 94
7 96
7 99
7 103
7 105
7 106
7 107
7 108
7 113
7 114
7 118
7 120
7 123
7 125
7 126
7 129
7 130
7 131
7 132
7 135
7 138
7 139
7 140
7 143
7 144
7 145
7 146
7 150
7 154
7 155
7 157
7 158
7 160
7 161
7 162
7 163
7 164
7 165
7 166
7 167
7 168
7 170
7 172
7 173
7 174
7 175
7 176
7 179
7 180
7 181
7 182
7 183
7 184
7 185
7 187
7 189
7 190
7 193
7 194
7 195
8 51
8 53
8 54
8 56
8 57
8 58
8 59
8 62
8 63
8 64
8 65
8 68
8 72
8 73
8 75
8 76
8 77
8 78
8 84
8 85
8 86
8 89
8 92
8 93
8 96
8 98
8 103
8 104
8 106
8 107
8 109
8 112
8 113
8 117
8 118
8 119
8 122
8 124
8 125
8 130
8 134
8 137
8 139
8 144
8 146
8 150
8 153
8 154
8 156
8 158
8 159
8 160
8 162
8 163
8 164
8 165
8 166
8 167
8 168
8 169
8 170
8 172
8 173
8 175
8 177
8 178
8 181
8 182
8 185
8 186
8 187
8 188
8 189
8 190
8 191
8 193
8 194
8 195
8 198
9 50
9 51
9 52
9 53
9 54
9 55
9 62
9 63
9 64
9 65
9 66
9 67
9 68
9 70
9 71
9 72
9 74
9 76
9 77
9 79
9 87
9 91
9 94
9 95
9 96
9 97
9 98
9 99
9 100
9 101
9 103
9 104
9 106
9 108
9 112
9 113
9 114
9 115
9 117
9 120
9 121
9 125
9 126
9 128
9 129
9 131
9 135
9 136
9 137
9 138
9 140
9 141
9 143
9 144
9 146
9 148
9 149
9 151
9 155
9 156
9 158
9 160
9 167
9 168
9 169
9 170
9 174
9 176
9 177
9 179
9 183
9 184
9 187
9 189
9 193
9 196
9 198
9 199
10 53
10 56
10 57
10 63
10 67
10 68
10 71
10 73
10 74
10 75
10 77
10 78
10 79
10 81
10 83
10 84
10 90
10 92
10 93
10 95
10 96
10 99
10 100
10 101
10 103
10 104
10 106
10 107
10 110
10 111
10 113
10 114
10 116
10 120
10 121
10 122
10 123
10 124
10 125
10 126
10 127
10 130
10 131
10 133
10 134
10 135
10 136
10 137
10 139
10 145
10 146
10 148
10 151
10 152
10 156
10 158
10 159
10 162
10 164
10 169
10 173
10 174
10 175
10 180
10 181
10 182
10 183
10 187
10 188
10 189
10 190
10 192
10 194
10 198
11 50
11 57
11 61
11 62
11 64
11 69
11 76
11 77
11 80
11 81
11 82
11 83
11 91
11 92
11 94
11 97
11 99
11 100
11 102
11 105
11 106
11 107
11 108
11 111
11 112
11 113
11 114
11 115
11 116
11 117
11 119
11 122
11 123
11 125
11 126
11 128
11 129
11 131
11 132
11 133
11 136
11 138
11 142
11 143
11 144
11 148
11 149
11 151
11 153
11 156
11 158
11 165
11 167
11 168
11 170
11 171
11 173
11 174
11 177
11 180
11 181
11 183
11 188
11 191
11 192
11 194
11 196
11 199
12 50
12 52
12 53
12 54
12 58
12 66
12 69
12 70
12 71
12 75
12 76
12 77
12 80
12 81
12 85
12 88
12 91
12 92
12 94
12 100
12 101
12 102
12 105
12 111
12 112
12 113
12 115
12 117
12 118
12 120
12 122
12 123
12 124
12 126
12 129
12 134
12 136
12 137
12 138
12 139
12 140
12 142
12 144
12 147
12 148
12 150
12 151
12 155
12 156
12 162
12 163
12 167
12 168
12 169
12 170
12 173
12 177
12 179
12 180
12 181
12 182
12 191
12 192
12 193
12 194
12 195
12 197
12 198
13 50
13 56
13 57
13 59
13 60
13 61
13 62
13 63
13 64
13 66
13 68
13 69
13 71
13 73
13 74
13 75
13 77
13 78
13 81
13 82
13 84
13 89
13 91
13 92
13 94
13 95
13 96
13 98
13 99
13 100
13 105
13 108
13 109
13 110
13 114
13 115
13 116
13 117
13 118
13 120
13 121
13 122
13 123
13 125
13 126
13 131
13 134
13 137
13 139
13 140
13 142
13 143
13 147
13 148
13 151
13 153
13 154
13 156
13 157
13 160
13 163
13 164
13 165
13 166
13 167
13 168
13 169
13 174
13 175
13 176
13 177
13 178
13 180
13 182
13 184
13 185
13 191
13 193
13 194
13 198
13 199
14 50
14 51
14 52
14 53
14 54
14 55
14 56
14 58
14 61
14 65
14 68
14 72
14 74
14 77
14 78
14 79
14 81
14 82
14 83
14 85
14 88
14 91
14 92
14 94
14 97
14 98
14 99
14 101
14 103
14 105
14 108
14 111
14 112
14 115
14 117
14 119
14 120
14 121
14 122
14 124
14 125
14 126
14 128
14 130
14 132
14 133
14 134
14 136
14 138
14 144
14 146
14 147
14 152
14 153
14 157
14 158
14 159
14 162
14 165
14 167
14 172
14 174
14 175
14 177
14 178
14 181
14 182
14 183
14 185
14 186
14 187
14 188
14 189
14 190
14 191
14 192
14 193
14 195
14 196
14 198
14 199
15 50
15 53
15 55
15 57
15 58
15 60
15 61
15 62
15 70
15 71
15 73
15 75
15 77
15 78
15 80
15 82
15 83
15 84
15 86
15 90
15 91
15 92
15 93
15 94
15 103
15 107
15 113
15 114
15 116
15 117
15 118
15 119
15 120
15 122
15 123
15 125
15 127
15 132
15 134
15 136
15 138
15 139
15 141
15 142
15 144
15 145
15 146
15 149
15 151
15 155
15 156
15 157
15 158
15 159
15 160
15 164
15 165
15 170
15 173
15 174
15 175
15 176
15 177
15 178
15 185
15 186
15 188
15 189
15 191
15 197
15 198
16 51
16 54
16 55
16 57
16 65
16 68
16 69
16 73
16 74
16 76
16 79
16 81
16 82
16 84
16 86
16 89
16 92
16 94
16 95
16 96
16 98
16 100
16 101
16 102
16 103
16 105
16 106
16 107
16 108
16 109
16 112
16 113
16 117
16 119
16 120
16 122
16 123
16 124
16 129
16 131
16 136
16 137
16 138
16 139
16 141
16 143
16 147
16 150
16 152
16 153
16 158
16 160
16 161
16 162
16 163
16 164
16 166
16 169
16 171
16 172
16 174
16 175
16 177
16 178
16 183
16 184
16 186
16 188
16 190
16 191
16 192
16 193
16 198
17 50
17 52
17 53
17 55
17 57
17 58
17 59
17 61
17 62
17 64
17 66
17 68
17 69
17 70
17 73
17 74
17 75
17 76
17 78
17 79
17 80
17 81
17 86
17 87
17 93
17 94
17 96
17 98
17 99
17 100
17 105
17 106
17 107
17 109
17 110
17 115
17 117
17 119
17 121
17 122
17 125
17 129
17 130
17 131
17 132
17 134
17 135
17 136
17 137
17 138
17 140
17 141
17 144
17 145
17 148
17 150
17 152
17 153
17 154
17 156
17 157
17 159
17 162
17 164
17 165
17 167
17 170
17 171
17 172
17 173
17 175
17 176
17 178
17 180
17 181
17 183
17 184
17 185
17 186
17 187
17 190
17 191
17 192
17 194
17 195
17 196
17 198
18 50
18 51
18 52
18 53
18 54
18 55
18 56
18 57
18 58
18 60
18 64
18 65
18 71
18 73
18 75
18 76
18 77
18 78
18 79
18 86
18 90
18 93
18 96
18 97
18 98
18 99
18 100
18 105
18 109
18 111
18 112
18 113
18 116
18 119
18 120
18 121
18 124
18 126
18 127
18 129
18 133
18 137
18 140
18 146
18 148
18 150
18 156
18 159
18 160
18 161
18 165
18 166
18 167
18 168
18 170
18 173
18 174
18 176
18 178
18 179
18 181
18 185
18 186
18 187
18 194
18 196
19 51
19 57
19 58
19 60
19 61
19 62
19 64
19 66
19 67
19 70
19 71
19 72
19 73
19 74
19 75
19 76
19 79
19 81
19 82
19 83
19 86
19 89
19 92
19 93
19 94
19 95
19 97
19 98
19 104
19 105
19 109
19 112
19 113
19 116
19 118
19 121
19 123
19 125
19 126
19 127
19 130
19 133
19 135
19 136
19 137
19 139
19 140
19 144
19 146
19 147
19 150
19 153
19 156
19 157
19 158
19 162
19 163
19 166
19 167
19 168
19 170
19 172
19 173
19 174
19 175
19 176
19 177
19 188
19 189
19 192
19 195
19 197
19 198
20 50
20 52
20 53
20 57
20 58
20 59
20 60
20 64
20 65
20 68
20 70
20 71
20 74
20 75
20 76
20 78
20 79
20 80
20 81
20 84
20 85
20 86
20 87
20 91
20 92
20 93
20 94
20 99
20 100
20 103
20 105
20 112
20 114
20 115
20 116
20 117
20 120
20 122
20 126
20 127
20 137
20 138
20 141
20 143
20 144
20 149
20 150
20 154
20 156
20 157
20 158
20 159
20 163
20 164
20 165
20 167
20 168
20 169
20 170
20 172
20 174
20 176
20 177
20 178
20 182
20 183
20 185
20 186
20 188
20 189
20 190
20 193
20 195
20 196
20 197
21 53
21 57
21 58
21 59
21 60
21 61
21 63
21 64
21 65
21 67
21 73
21 74
21 79
21 80
21 84
21 86
21 91
21 93
21 95
21 96
21 98
21 103
21 104
21 106
21 107
21 108
21 109
21 110
21 116
21 118
21 119
21 120
21 122
21 124
21 127
21 129
21 132
21 133
21 139
21 140
21 141
21 144
21 145
21 147
21 148
21 149
21 151
21 153
21 154
21 156
21 159
21 160
21 161
21 162
21 163
21 166
21 167
21 172
21 173
21 174
21 175
21 177
21 178
21 179
21 180
21 181
21 184
21 185
21 188
21 190
21 192
21 193
21 195
21 196
22 50
22 51
22 54
22 56
22 65
22 66
22 68
22 69
22 70
22 71
22 72
22 75
22 76
22 78
22 80
22 81
22 87
22 90
22 92
22 93
22 94
22 99
22 100
22 101
22 102
22 105
22 107
22 108
22 109
22 110
22 112
22 114
22 117
22 118
22 121
22 125
22 126
22 127
22 130
22 132
22 133
22 135
22 138
22 140
22 141
22 146
22 148
22 149
22 150
22 151
22 155
22 156
22 157
22 158
22 164
22 165
22 166
22 167
22 169
22 170
22 171
22 172
22 174
22 179
22 180
22 181
22 184
22 188
22 189
22 192
22 193
22 194
22 196
22 197
22 198
22 199
23 51
23 54
23 55
23 56
23 65
23 66
23 68
23 71
23 72
23 73
23 75
23 76
23 77
23 78
23 79
23 80
23 83
23 85
23 86
23 87
23 88
23 89
23 94
23 95
23 96
23 97
23 99
23 100
23 101
23 102
23 105
23 106
23 109
23 111
23 112
23 114
23 115
23 116
23 117
23 119
23 120
23 121
23 122
23 125
23 129
23 131
23 132
23 133
23 135
23 136
23 142
23 143
23 145
23 146
23 148
23 150
23 151
23 152
23 153
23 154
23 156
23 157
23 159
23 162
23 164
23 167
23 168
23 170
23 177
23 178
23 179
23 180
23 182
23 184
23 185
23 188
23 190
23 192
23 193
23 199
24 50
24 51
24 53
24 57
24 58
24 59
24 60
24 61
24 67
24 68
24 70
24 72
24 73
24 76
24 78
24 80
24 82
24 83
24 84
24 87
24 91
24 93
24 96
24 102
24 103
24 105
24 106
24 108
24 109
24 110
24 111
24 112
24 113
24 115
24 118
24 119
24 121
24 123
24 124
24 125
24 127
24 128
24 130
24 133
24 134
24 136
24 137
24 139
24 140
24 142
24 143
24 144
24 145
24 146
24 151
24 152
24 153
24 158
24 164
24 165
24 168
24 169
24 170
24 171
24 172
24 173
24 174
24 175
24 177
24 178
24 182
24 184
24 189
24 191
24 194
24 195
24 196
24 199
25 51
25 57
25 59
25 61
25 63
25 64
25 65
25 71
25 73
25 74
25 75
25 77
25 81
25 83
25 84
25 86
25 88
25 92
25 93
25 97
25 98
25 100
25 102
25 104
25 107
25 108
25 110
25 111
25 115
25 117
25 119
25 121
25 122
25 125
25 126
25 127
25 128
25 132
25 136
25 139
25 142
25 143
25 145
25 146
25 147
25 148
25 149
25 153
25 156
25 158
25 159
25 161
25 162
25 163
25 165
25 168
25 169
25 172
25 177
25 180
25 182
25 183
25 185
25 190
25 191
25 193
25 194
25 196
25 197
25 198
25 199
26 50
26 51
26 53
26 54
26 55
26 58
26 60
26 61
26 63
26 64
26 66
26 68
26 69
26 70
26 72
26 73
26 74
26 77
26 78
26 80
26 81
26 83
26 84
26 85
26 86
26 87
26 89
26 90
26 91
26 92
26 95
26 97
26 98
26 99
26 100
26 101
26 104
26 105
26 107
26 109
26 112
26 114
26 118
26 120
26 121
26 123
26 125
26 127
26 129
26 131
26 132
26 133
26 135
26 137
26 140
26 141
26 142
26 145
26 146
26 150
26 151
26 152
26 153
26 158
26 161
26 163
26 164
26 165
26 167
26 170
26 173
26 174
26 175
26 176
26 180
26 184
26 186
26 190
26 191
26 192
26 193
26 194
26 196
26 199
27 52
27 53
27 54
27 55
27 57
27 58
27 59
27 60
27 62
27 64
27 65
27 68
27 71
27 73
27 74
27 76
27 77
27 79
27 81
27 84
27 85
27 86
27 87
27 88
27 89
27 90
27 94
27 95
27 97
27 99
27 103
27 104
27 105
27 108
27 110
27 111
27 112
27 116
27 117
27 118
27 120
27 121
27 122
27 126
27 127
27 128
27 131
27 132
27 133
27 136
27 138
27 143
27 145
27 147
27 148
27 149
27 151
27 153
27 155
27 156
27 157
27 158
27 159
27 160
27 162
27 163
27 165
27 166
27 167
27 169
27 171
27 174
27 175
27 180
27 181
27 183
27 184
27 185
27 186
27 189
27 190
27 191
27 193
27 196
27 197
27 199
28 50
28 52
28 55
28 57
28 58
28 59
28 60
28 62
28 63
28 64
28 68
28 71
28 72
28 73
28 74
28 75
28 76
28 77
28 80
28 81
28 82
28 84
28 87
28 88
28 91
28 92
28 93
28 94
28 96
28 97
28 101
28 102
28 103
28 104
28 105
28 106
28 108
28 109
28 112
28 115
28 119
28 121
28 123
28 124
28 126
28 129
28 130
28 134
28 138
28 139
28 140
28 142
28 147
28 149
28 150
28 151
28 154
28 155
28 156
28 158
28 161
28 163
28 164
28 165
28 167
28 168
28 169
28 172
28 173
28 176
28 178
28 180
28 182
28 183
28 184
28 188
28 194
28 195
28 196
28 198
29 52
29 56
29 58
29 60
29 61
29 62
29 63
29 65
29 66
29 68
29 69
29 71
29 73
29 76
29 77
29 81
29 82
29 84
29 85
29 88
29 95
29 96
29 99
29 105
29 107
29 114
29 121
29 122
29 123
29 124
29 125
29 126
29 127
29 128
29 130
29 131
29 132
29 134
29 135
29 139
29 143
29 144
29 146
29 147
29 150
29 153
29 155
29 158
29 162
29 164
29 165
29 166
29 167
29 170
29 175
29 178
29 179
29 182
29 187
29 188
29 189
29 191
29 194
29 195
29 196
29 197
29 198
30 56
30 57
30 59
30 60
30 61
30 63
30 64
30 65
30 66
30 67
30 69
30 76
30 78
30 79
30 81
30 83
30 84
30 85
30 86
30 87
30 89
30 92
30 94
30 96
30 97
30 99
30 101
30 103
30 105
30 108
30 109
30 110
30 112
30 113
30 115
30 116
30 121
30 128
30 129
30 130
30 132
30 134
30 137
30 138
30 139
30 140
30 141
30 143
30 145
30 146
30 149
30 150
30 151
30 156
30 157
30 158
30 159
30 160
30 161
30 163
30 164
30 165
30 166
30 174
30 175
30 180
30 181
30 182
30 183
30 184
30 185
30 186
30 192
30 194
30 195
30 197
31 50
31 51
31 52
31 54
31 61
31 62
31 63
31 66
31 67
31 68
31 71
31 77
31 79
31 80
31 82
31 85
31 86
31 89
31 91
31 92
31 93
31 94
31 95
31 96
31 97
31 98
31 99
31 101
31 102
31 105
31 106
31 110
31 111
31 113
31 114
31 115
31 116
31 122
31 124
31 125
31 126
31 127
31 128
31 129
31 130
31 131
31 133
31 134
31 135
31 138
31 139
31 141
31 143
31 145
31 146
31 147
31 148
31 151
31 153
31 155
31 156
31 157
31 158
31 160
31 162
31 163
31 165
31 167
31 169
31 171
31 172
31 175
31 177
31 178
31 180
31 184
31 186
31 188
31 191
31 193
31 194
31 195
31 196
31 199
32 51
32 52
32 54
32 57
32 58
32 59
32 60
32 61
32 62
32 66
32 67
32 69
32 70
32 72
32 74
32 76
32 78
32 80
32 81
32 82
32 84
32 86
32 87
32 88
32 94
32 95
32 96
32 99
32 100
32 102
32 103
32 104
32 105
32 108
32 109
32 110
32 111
32 112
32 113
32 114
32 117
32 118
32 121
32 128
32 133
32 134
32 136
32 139
32 141
32 146
32 148
32 149
32 152
32 154
32 155
32 158
32 160
32 162
32 166
32 167
32 170
32 171
32 176
32 180
32 183
32 184
32 185
32 187
32 188
32 189
32 190
32 191
32 192
32 194
32 195
32 196
33 50
33 51
33 52
33 54
33 56
33 57
33 59
33 61
33 62
33 64
33 65
33 67
33 68
33 69
33 70
33 71
33 73
33 76
33 77
33 82
33 83
33 88
33 92
33 93
33 97
33 99
33 100
33 103
33 104
33 106
33 107
33 110
33 111
33 113
33 116
33 119
33 126
33 127
33 130
33 131
33 133
33 134
33 139
33 140
33 141
33 142
33 145
33 146
33 148
33 149
33 150
33 151
33 152
33 153
33 154
33 159
33 160
33 161
33 164
33 165
33 166
33 168
33 174
33 179
33 183
33 185
33 186
33 195
33 197
34 52
34 53
34 54
34 56
34 57
34 59
34 60
34 61
34 62
34 63
34 68
34 70
34 71
34 73
34 74
34 75
34 76
34 77
34 78
34 81
34 85
34 87
34 88
34 90
34 91
34 94
34 96
34 98
34 103
34 106
34 108
34 109
34 110
34 111
34 118
34 119
34 120
34 122
34 124
34 127
34 128
34 129
34 130
34 131
34 132
34 133
34 136
34 143
34 146
34 147
34 148
34 150
34 151
34 154
34 155
34 159
34 163
34 166
34 169
34 170
34 172
34 174
34 179
34 180
34 183
34 184
34 188
34 192
34 194
34 195
34 197
34 198
35 50
35 51
35 54
35 56
35 61
35 63
35 66
35 67
35 68
35 69
35 74
35 76
35 77
35 79
35 80
35 81
35 84
35 86
35 88
35 90
35 92
35 93
35 94
35 95
35 96
35 98
35 99
35 101
35 102
35 104
35 105
35 106
35 107
35 108
35 109
35 110
35 114
35 115
35 116
35 118
35 119
35 121
35 126
35 127
35 128
35 132
35 133
35 135
35 136
35 137
35 141
35 143
35 144
35 146
35 148
35 149
35 150
35 152
35 154
35 155
35 158
35 159
35 160
35 161
35 162
35 163
35 166
35 167
35 168
35 169
35 171
35 172
35 174
35 177
35 179
35 180
35 181
35 185
35 189
35 190
35 193
35 195
35 197
35 198
35 199
36 52
36 54
36 55
36 56
36 57
36 58
36 59
36 61
36 62
36 63
36 64
36 65
36 68
36 69
36 71
36 72
36 75
36 76
36 81
36 83
36 84
36 86
36 87
36 91
36 93
36 94
36 95
36 96
36 100
36 104
36 105
36 106
36 108
36 109
36 111
36 112
36 113
36 114
36 115
36 120
36 123
36 125
36 127
36 129
36 130
36 131
36 133
36 137
36 138
36 139
36 140
36 141
36 143
36 145
36 146
36 148
36 149
36 150
36 151
36 154
36 156
36 157
36 158
36 159
36 167
36 168
36 171
36 172
36 175
36 177
36 178
36 179
36 180
36 181
36 182
36 183
36 184
36 187
36 189
36 192
36 193
36 194
36 195
36 196
36 197
36 198
37 50
37 51
37 52
37 53
37 54
37 57
37 58
37 59
37 61
37 64
37 65
37 66
37 68
37 70
37 72
37 73
37 78
37 80
37 82
37 84
37 85
37 88
37 89
37 91
37 92
37 93
37 94
37 96
37 97
37 98
37 100
37 103
37 108
37 109
37 114
37 118
37 119
37 123
37 125
37 126
37 127
37 128
37 129
37 130
37 131
37 133
37 134
37 136
37 137
37 138
37 140
37 141
37 142
37 145
37 146
37 149
37 150
37 151
37 153
37 154
37 155
37 156
37 157
37 159
37 160
37 161
37 162
37 167
37 169
37 172
37 173
37 174
37 177
37 178
37 179
37 180
37 184
37 186
37 189
37 191
37 192
37 193
37 197
37 199
38 52
38 54
38 55
38 58
38 63
38 71
38 72
38 73
38 74
38 75
38 77
38 79
38 80
38 81
38 82
38 83
38 84
38 87
38 88
38 89
38 90
38 93
38 96
38 97
38 99
38 100
38 104
38 105
38 107
38 110
38 112
38 113
38 114
38 115
38 119
38 121
38 122
38 123
38 128
38 129
38 130
38 131
38 133
38 134
38 135
38 137
38 138
38 139
38 140
38 141
38 144
38 145
38 147
38 148
38 150
38 152
38 155
38 159
38 160
38 161
38 162
38 163
38 167
38 168
38 172
38 173
38 175
38 176
38 177
38 179
38 183
38 184
38 187
38 190
38 191
38 192
38 194
38 195
38 197
38 198
38 199
39 50
39 51
39 52
39 57
39 58
39 59
39 60
39 61
39 62
39 63
39 65
39 66
39 68
39 71
39 72
39 74
39 75
39 77
39 79
39 80
39 85
39 86
39 90
39 93
39 97
39 98
39 102
39 104
39 105
39 106
39 107
39 111
39 112
39 113
39 114
39 118
39 119
39 123
39 126
39 130
39 131
39 132
39 134
39 136
39 137
39 141
39 145
39 146
39 147
39 150
39 151
39 153
39 154
39 155
39 156
39 158
39 159
39 161
39 162
39 164
39 166
39 167
39 169
39 170
39 174
39 176
39 180
39 181
39 184
39 186
39 188
39 191
39 193
39 196
39 197
39 199
40 51
40 53
40 54
40 61
40 63
40 64
40 65
40 66
40 67
40 68
40 69
40 70
40 72
40 74
40 79
40 80
40 81
40 82
40 86
40 87
40 89
40 90
40 91
40 93
40 94
40 95
40 97
40 98
40 99
40 104
40 105
40 106
40 107
40 108
40 112
40 113
40 114
40 117
40 118
40 120
40 121
40 122
40 123
40 126
40 128
40 129
40 131
40 132
40 136
40 137
40 138
40 139
40 140
40 141
40 142
40 144
40 148
40 149
40 151
40 156
40 159
40 160
40 161
40 163
40 164
40 166
40 168
40 170
40 171
40 172
40 174
40 177
40 178
40 181
40 182
40 183
40 185
40 187
40 188
40 190
40 192
40 194
40 196
40 197
40 198
41 51
41 52
41 53
41 54
41 55
41 56
41 61
41 63
41 64
41 70
41 71
41 72
41 73
41 74
41 76
41 79
41 81
41 82
41 86
41 90
41 91
41 96
41 97
41 99
41 100
41 101
41 102
41 105
41 108
41 109
41 115
41 116
41 117
41 120
41 121
41 125
41 126
41 127
41 128
41 130
41 131
41 135
41 138
41 139
41 140
41 143
41 145
41 147
41 149
41 150
41 153
41 155
41 157
41 158
41 159
41 160
41 161
41 164
41 166
41 167
41 170
41 171
41 172
41 179
41 180
41 183
41 184
41 187
41 188
41 189
41 193
41 194
41 195
41 196
41 197
42 53
42 57
42 59
42 61
42 64
42 69
42 71
42 72
42 74
42 75
42 76
42 78
42 79
42 81
42 84
42 86
42 88
42 89
42 90
42 92
42 94
42 95
42 96
42 99
42 100
42 101
42 103
42 104
42 106
42 116
42 117
42 119
42 121
42 122
42 124
42 130
42 132
42 133
42 138
42 141
42 142
42 147
42 148
42 149
42 150
42 151
42 153
42 158
42 159
42 160
42 163
42 164
42 168
42 169
42 171
42 172
42 173
42 174
42 176
42 177
42 179
42 180
42 181
42 182
42 184
42 186
42 189
42 191
42 192
42 194
42 195
42 196
42 197
42 198
43 50
43 51
43 56
43 60
43 61
43 63
43 65
43 67
43 68
43 69
43 76
43 79
43 80
43 85
43 86
43 89
43 90
43 91
43 92
43 93
43 95
43 96
43 98
43 101
43 102
43 105
43 107
43 109
43 111
43 113
43 114
43 115
43 116
43 120
43 124
43 125
43 126
43 129
43 131
43 132
43 134
43 135
43 136
43 139
43 140
43 141
43 142
43 144
43 145
43 146
43 148
43 149
43 151
43 152
43 153
43 156
43 157
43 159
43 160
43 161
43 162
43 163
43 167
43 168
43 169
43 171
43 174
43 176
43 178
43 179
43 181
43 182
43 183
43 186
43 187
43 189
43 190
43 192
43 193
43 194
43 195
43 199
44 56
44 58
44 60
44 61
44 62
44 63
44 64
44 65
44 66
44 68
44 72
44 73
44 75
44 77
44 79
44 80
44 81
44 82
44 90
44 91
44 92
44 94
44 97
44 99
44 100
44 102
44 103
44 104
44 105
44 106
44 107
44 108
44 109
44 110
44 111
44 112
44 118
44 119
44 121
44 123
44 124
44 125
44 128
44 130
44 135
44 136
44 138
44 139
44 140
44 141
44 142
44 147
44 148
44 150
44 151
44 153
44 155
44 158
44 159
44 161
44 162
44 163
44 164
44 166
44 168
44 169
44 170
44 171
44 174
44 176
44 179
44 182
44 184
44 185
44 186
44 193
44 199
45 53
45 54
45 55
45 56
45 57
45 60
45 61
45 63
45 65
45 67
45 68
45 69
45 70
45 71
45 72
45 73
45 74
45 75
45 76
45 79
45 80
45 81
45 82
45 84
45 85
45 90
45 91
45 92
45 93
45 95
45 96
45 97
45 98
45 99
45 100
45 104
45 105
45 108
45 110
45 112
45 116
45 120
45 121
45 122
45 123
45 129
45 130
45 131
45 136
45 142
45 144
45 146
45 148
45 152
45 153
45 155
45 158
45 160
45 161
45 162
45 163
45 166
45 169
45 172
45 173
45 174
45 175
45 176
45 177
45 180
45 182
45 184
45 185
45 191
45 192
45 193
45 195
45 196
45 197
45 198
45 199
46 51
46 56
46 58
46 59
46 60
46 61
46 64
46 65
46 71
46 73
46 74
46 75
46 77
46 78
46 81
46 85
46 86
46 87
46 96
46 97
46 98
46 100
46 102
46 104
46 105
46 106
46 107
46 110
46 113
46 114
46 121
46 123
46 125
46 128
46 131
46 133
46 136
46 139
46 140
46 142
46 143
46 146
46 147
46 148
46 149
46 150
46 155
46 158
46 165
46 171
46 173
46 176
46 179
46 182
46 186
46 188
46 191
46 193
46 194
46 196
46 198
46 199
47 51
47 53
47 54
47 56
47 61
47 63
47 64
47 66
47 68
47 69
47 70
47 72
47 74
47 75
47 77
47 78
47 79
47 82
47 83
47 84
47 85
47 86
47 87
47 91
47 94
47 95
47 96
47 98
47 103
47 107
47 108
47 109
47 110
47 111
47 113
47 114
47 115
47 116
47 117
47 120
47 122
47 123
47 126
47 128
47 131
47 132
47 133
47 135
47 141
47 145
47 146
47 148
47 149
47 150
47 153
47 154
47 156
47 158
47 159
47 160
47 161
47 164
47 165
47 166
47 167
47 168
47 169
47 174
47 175
47 176
47 177
47 178
47 181
47 182
47 184
47 186
47 187
47 188
47 189
47 190
47 191
47 193
47 195
47 197
47 199
48 52
48 57
48 67
48 74
48 75
48 76
48 78
48 80
48 81
48 83
48 84
48 85
48 86
48 88
48 92
48 93
48 96
48 97
48 99
48 101
48 102
48 105
48 107
48 110
48 111
48 112
48 113
48 115
48 116
48 118
48 119
48 120
48 123
48 124
48 125
48 126
48 128
48 133
48 134
48 136
48 137
48 139
48 140
48 142
48 143
48 146
48 147
48 149
48 150
48 151
48 153
48 155
48 156
48 157
48 159
48 162
48 169
48 171
48 172
48 176
48 178
48 179
48 183
48 186
48 187
48 188
48 190
48 195
48 197
48 198
49 52
49 53
49 56
49 58
49 59
49 62
49 64
49 66
49 67
49 70
49 71
49 74
49 76
49 77
49 81
49 82
49 83
49 85
49 86
49 87
49 89
49 91
49 92
49 95
49 97
49 98
49 99
49 103
49 105
49 107
49 110
49 111
49 112
49 113
49 115
49 116
49 119
49 123
49 126
49 129
49 131
49 136
49 137
49 138
49 143
49 145
49 147
49 148
49 150
49 151
49 152
49 153
49 154
49 156
49 157
49 158
49 159
49 160
49 161
49 162
49 163
49 166
49 167
49 169
49 171
49 172
49 173
49 174
49 177
49 178
49 180
49 181
49 184
49 186
49 188
49 190
49 191
49 192
49 197
49 198
50 100
50 101
50 102
50 103
50 105
50 106
50 108
50 110
50 114
50 115
50 116
50 118
50 120
50 121
50 122
50 123
50 124
50 125
50 128
50 130
50 133
50 135
50 139
50 143
50 144
50 145
50 146
50 147
50 148
50 149
51 101
51 103
51 104
51 107
51 108
51 109
51 111
51 113
51 116
51 117
51 118
51 119
51 122
51 123
51 124
51 127
51 130
51 131
51 132
51 133
51 134
51 137
51 138
51 140
51 142
51 144
51 145
51 147
51 148
52 101
52 103
52 105
52 106
52 107
52 108
52 113
52 114
52 117
52 123
52 125
52 127
52 129
52 131
52 133
52 134
52 135
52 136
52 137
52 138
52 139
52 140
52 141
52 143
52 148
52 149
53 101
53 103
53 107
53 109
53 110
53 112
53 114
53 117
53 120
53 131
53 132
53 133
53 134
53 137
53 141
53 142
53 144
53 145
54 100
54 106
54 109
54 110
54 111
54 113
54 116
54 118
54 120
54 122
54 123
54 127
54 128
54 130
54 131
54 136
54 137
54 139
54 142
54 143
54 144
54 146
54 148
54 149
55 101
55 102
55 103
55 105
55 108
55 109
55 111
55 112
55 114
55 116
55 119
55 120
55 121
55 123
55 127
55 131
55 132
55 137
55 138
55 142
56 100
56 103
56 104
56 105
56 106
56 109
56 111
56 112
56 113
56 116
56 117
56 123
56 124
56 127
56 131
56 133
56 134
56 135
56 136
56 137
56 140
56 142
56 143
56 147
56 148
57 102
57 104
57 107
57 108
57 111
57 112
57 114
57 117
57 118
57 119
57 120
57 121
57 125
57 126
57 127
57 130
57 132
57 133
57 135
57 137
57 138
57 141
57 142
57 143
57 144
57 145
57 146
57 149
58 102
58 104
58 105
58 107
58 109
58 111
58 112
58 117
58 118
58 120
58 123
58 124
58 132
58 133
58 135
58 138
58 139
59 100
59 102
59 103
59 105
59 109
59 111
59 112
59 113
59 114
59 115
59 116
59 118
59 121
59 122
59 126
59 127
59 129
59 130
59 131
59 132
59 133
59 136
59 137
59 138
59 139
59 141
59 142
59 143
59 144
59 145
59 146
59 147
59 148
59 149
60 105
60 106
60 107
60 110
60 113
60 114
60 116
60 117
60 123
60 125
60 130
60 131
60 137
60 139
60 140
60 141
60 143
60 145
60 149
61 102
61 105
61 107
61 115
61 120
61 121
61 123
61 125
61 129
61 130
61 131
61 132
61 135
61 136
61 139
61 140
61 141
61 143
61 144
61 147
62 100
62 101
62 102
62 103
62 106
62 107
62 108
62 109
62 111
62 112
62 113
62 114
62 115
62 116
62 117
62 119
62 122
62 123
62 124
62 125
62 128
62 130
62 132
62 137
62 138
62 139
62 141
62 142
62 143
62 145
62 149
63 104
63 106
63 107
63 108
63 109
63 111
63 114
63 116
63 118
63 119
63 121
63 122
63 124
63 126
63 127
63 130
63 132
63 134
63 137
63 142
63 145
63 146
63 149
64 104
64 105
64 106
64 108
64 110
64 112
64 113
64 114
64 116
64 117
64 118
64 120
64 121
64 123
64 124
64 126
64 127
64 129
64 132
64 133
64 138
64 142
64 143
64 145
64 149
65 100
65 101
65 104
65 105
65 107
65 108
65 109
65 111
65 112
65 114
65 115
65 116
65 117
65 118
65 120
65 121
65 123
65 129
65 132
65 135
65 139
65 140
65 143
65 144
65 147
66 102
66 104
66 105
66 108
66 109
66 113
66 117
66 118
66 120
66 122
66 123
66 125
66 126
66 127
66 128
66 131
66 132
66 133
66 134
66 135
66 142
66 144
66 146
66 147
66 148
67 101
67 103
67 106
67 107
67 108
67 112
67 115
67 117
67 118
67 120
67 123
67 127
67 128
67 130
67 132
67 133
67 134
67 135
67 136
67 139
67 140
67 143
67 144
67 145
67 146
67 147
67 149
68 105
68 107
68 109
68 110
68 112
68 114
68 115
68 117
68 121
68 129
68 130
68 131
68 133
68 135
68 136
68 138
68 139
68 140
68 143
68 144
68 145
68 147
68 149
69 100
69 103
69 104
69 105
69 106
69 107
69 108
69 109
69 110
69 112
69 119
69 120
69 121
69 122
69 125
69 128
69 132
69 133
69 134
69 135
69 136
69 138
69 139
69 140
69 141
69 143
69 145
69 146
69 149
70 101
70 103
70 106
70 107
70 108
70 109
70 115
70 117
70 119
70 120
70 121
70 125
70 126
70 127
70 128
70 130
70 132
70 133
70 136
70 138
70 140
70 144
70 146
70 148
71 100
71 102
71 106
71 108
71 109
71 110
71 112
71 116
71 117
71 120
71 125
71 126
71 127
71 128
71 129
71 130
71 131
71 133
71 134
71 135
71 136
71 137
71 138
71 141
71 142
71 143
71 144
71 149
72 102
72 103
72 104
72 105
72 111
72 112
72 120
72 121
72 125
72 127
72 131
72 132
72 137
72 138
72 140
72 143
72 145
73 101
73 102
73 104
73 105
73 109
73 110
73 112
73 113
73 114
73 115
73 119
73 121
73 122
73 127
73 132
73 133
73 135
73 136
73 140
73 141
73 142
73 143
73 146
73 147
73 148
74 102
74 103
74 104
74 106
74 107
74 110
74 112
74 113
74 115
74 117
74 118
74 120
74 126
74 127
74 128
74 129
74 131
74 135
74 137
74 140
74 142
74 143
74 145
74 146
74 147
74 149
75 100
75 102
75 103
75 108
75 109
75 110
75 112
75 113
75 114
75 115
75 122
75 125
75 127
75 128
75 130
75 132
75 133
75 141
75 143
75 144
75 147
76 106
76 107
76 111
76 113
76 114
76 118
76 121
76 122
76 126
76 127
76 128
76 129
76 131
76 132
76 133
76 134
76 135
76 139
76 141
76 143
76 144
76 148
77 101
77 102
77 105
77 106
77 109
77 110
77 111
77 114
77 117
77 120
77 127
77 130
77 131
77 132
77 133
77 134
77 135
77 136
77 139
77 140
77 144
77 149
78 100
78 101
78 104
78 105
78 107
78 108
78 111
78 113
78 115
78 117
78 119
78 120
78 122
78 123
78 124
78 125
78 127
78 129
78 132
78 133
78 134
78 136
78 137
78 138
78 139
78 142
78 143
78 144
78 148
78 149
79 101
79 102
79 103
79 104
79 109
79 110
79 112
79 113
79 116
79 117
79 125
79 128
79 130
79 131
79 132
79 133
79 134
79 137
79 138
79 139
79 141
79 142
79 143
79 145
79 148
79 149
80 101
80 102
80 105
80 106
80 107
80 108
80 109
80 110
80 114
80 115
80 116
80 117
80 119
80 121
80 122
80 123
80 126
80 128
80 129
80 130
80 133
80 134
80 136
80 137
80 139
80 140
80 142
80 145
80 148
81 100
81 101
81 104
81 105
81 106
81 107
81 109
81 111
81 112
81 115
81 116
81 117
81 118
81 119
81 121
81 122
81 123
81 128
81 129
81 130
81 132
81 133
81 134
81 135
81 139
81 140
81 142
81 143
81 144
81 146
81 147
81 149
82 102
82 103
82 104
82 106
82 108
82 112
82 114
82 115
82 116
82 118
82 119
82 120
82 121
82 122
82 125
82 126
82 128
82 129
82 130
82 131
82 133
82 134
82 135
82 136
82 140
82 141
82 142
82 144
82 147
82 148
83 101
83 103
83 105
83 107
83 110
83 116
83 117
83 118
83 119
83 120
83 123
83 125
83 126
83 129
83 130
83 135
83 136
83 137
83 139
83 140
83 142
83 143
83 144
83 145
83 146
83 149
84 100
84 101
84 104
84 105
84 107
84 108
84 109
84 112
84 113
84 114
84 116
84 119
84 120
84 123
84 124
84 126
84 127
84 128
84 129
84 131
84 133
84 139
84 141
84 142
84 144
84 145
84 148
84 149
85 101
85 103
85 106
85 107
85 109
85 110
85 113
85 114
85 115
85 117
85 118
85 119
85 120
85 121
85 123
85 124
85 125
85 126
85 127
85 128
85 130
85 138
85 140
85 141
85 142
85 144
85 148
85 149
86 100
86 102
86 103
86 104
86 105
86 106
86 107
86 110
86 111
86 113
86 114
86 120
86 121
86 122
86 124
86 127
86 128
86 129
86 131
86 132
86 133
86 134
86 136
86 138
86 139
86 140
86 141
86 143
86 145
86 146
86 147
86 148
86 149
87 101
87 102
87 104
87 105
87 110
87 111
87 112
87 113
87 114
87 115
87 118
87 119
87 121
87 122
87 128
87 129
87 134
87 135
87 137
87 140
87 141
87 142
87 143
87 147
88 100
88 101
88 102
88 103
88 105
88 112
88 113
88 115
88 118
88 119
88 120
88 122
88 124
88 125
88 126
88 128
88 129
88 131
88 132
88 133
88 134
88 136
88 141
88 143
88 146
88 147
88 148
88 149
89 103
89 105
89 108
89 109
89 110
89 111
89 112
89 113
89 114
89 115
89 121
89 123
89 124
89 129
89 130
89 133
89 134
89 136
89 137
89 138
89 139
89 142
89 147
89 148
90 101
90 104
90 105
90 106
90 107
90 108
90 109
90 112
90 114
90 115
90 116
90 117
90 118
90 119
90 120
90 122
90 123
90 127
90 130
90 133
90 134
90 140
90 143
90 144
90 145
90 146
90 148
90 149
91 100
91 102
91 103
91 104
91 106
91 107
91 108
91 110
91 114
91 117
91 121
91 122
91 124
91 129
91 130
91 132
91 134
91 135
91 137
91 141
91 142
91 143
91 144
91 146
91 147
92 100
92 101
92 104
92 107
92 110
92 111
92 113
92 115
92 119
92 125
92 127
92 128
92 130
92 133
92 134
92 135
92 140
92 144
92 147
93 100
93 103
93 104
93 105
93 106
93 110
93 116
93 117
93 118
93 119
93 123
93 128
93 129
93 130
93 132
93 134
93 135
93 137
93 138
93 140
93 143
93 144
93 145
94 101
94 104
94 106
94 108
94 109
94 110
94 112
94 113
94 116
94 121
94 122
94 123
94 124
94 126
94 128
94 130
94 131
94 133
94 134
94 139
94 142
94 146
94 147
94 149
95 101
95 102
95 103
95 105
95 106
95 111
95 114
95 118
95 120
95 124
95 125
95 126
95 128
95 129
95 134
95 138
95 139
95 142
95 145
95 147
95 149
96 100
96 101
96 102
96 103
96 105
96 108
96 110
96 111
96 112
96 114
96 118
96 120
96 121
96 123
96 125
96 126
96 128
96 130
96 131
96 137
96 138
96 139
96 142
96 143
96 144
96 145
96 146
96 149
97 100
97 104
97 107
97 108
97 110
97 111
97 112
97 115
97 116
97 117
97 118
97 119
97 122
97 125
97 127
97 130
97 132
97 133
97 135
97 138
97 139
97 143
97 145
97 146
97 148
98 101
98 102
98 103
98 104
98 105
98 106
98 107
98 108
98 109
98 111
98 113
98 115
98 118
98 121
98 122
98 123
98 124
98 126
98 128
98 132
98 133
98 134
98 136
98 138
98 141
98 143
98 144
98 145
98 146
98 149
99 101
99 102
99 103
99 104
99 106
99 108
99 110
99 111
99 112
99 113
99 115
99 116
99 117
99 118
99 119
99 121
99 122
99 123
99 124
99 131
99 132
99 134
99 135
99 136
99 137
99 139
99 142
99 143
99 144
99 147
99 148
99 149
100 151
100 157
100 163
100 164
100 166
100 170
100 172
100 173
100 175
100 177
100 178
100 179
100 180
100 181
100 182
100 183
100 186
100 187
100 190
100 192
100 194
100 196
100 197
100 198
100 199
101 151
101 154
101 156
101 157
101 158
101 159
101 160
101 161
101 162
101 164
101 165
101 167
101 169
101 171
101 172
101 174
101 175
101 176
101 178
101 179
101 183
101 184
101 186
101 187
101 189
101 190
101 191
101 193
101 196
101 199
102 150
102 153
102 154
102 157
102 160
102 161
102 162
102 163
102 164
102 166
102 171
102 177
102 178
102 179
102 182
102 185
102 186
102 190
102 191
102 192
102 193
102 194
102 196
102 197
103 151
103 153
103 154
103 155
103 156
103 157
103 159
103 160
103 163
103 166
103 170
103 172
103 174
103 176
103 178
103 179
103 180
103 183
103 186
103 187
103 188
103 191
103 192
103 193
104 150
104 151
104 152
104 156
104 158
104 159
104 161
104 162
104 163
104 164
104 170
104 171
104 172
104 174
104 178
104 179
104 182
104 183
104 184
104 186
104 187
104 190
104 192
104 194
104 197
104 198
104 199
105 150
105 154
105 155
105 157
105 158
105 160
105 161
105 162
105 165
105 167
105 168
105 171
105 172
105 173
105 174
105 177
105 180
105 182
105 183
105 184
105 186
105 187
105 189
105 192
105 193
105 196
105 199
106 153
106 155
106 156
106 157
106 159
106 161
106 162
106 163
106 165
106 167
106 168
106 169
106 172
106 175
106 178
106 182
106 183
106 184
106 186
106 187
106 189
106 190
106 192
106 194
106 195
106 196
106 199
107 151
107 154
107 155
107 156
107 163
107 166
107 169
107 170
107 172
107 173
107 175
107 177
107 178
107 182
107 184
107 185
107 187
107 188
107 190
107 192
107 193
107 194
107 197
107 199
108 150
108 152
108 156
108 158
108 159
108 160
108 162
108 165
108 168
108 175
108 177
108 178
108 180
108 182
108 183
108 188
108 189
108 191
108 192
108 193
108 194
108 197
108 199
109 150
109 157
109 159
109 161
109 164
109 165
109 170
109 171
109 173
109 174
109 175
109 176
109 177
109 178
109 180
109 181
109 182
109 183
109 186
109 187
109 189
109 190
109 191
109 199
110 151
110 152
110 153
110 155
110 156
110 158
110 159
110 166
110 168
110 169
110 170
110 171
110 176
110 177
110 178
110 179
110 180
110 181
110 183
110 184
110 186
110 192
110 194
110 197
110 198
111 152
111 153
111 154
111 157
111 158
111 159
111 160
111 163
111 164
111 167
111 168
111 172
111 173
111 174
111 175
111 176
111 177
111 184
111 185
111 190
111 192
111 193
111 194
111 195
111 196
112 151
112 152
112 154
112 155
112 156
112 157
112 158
112 159
112 161
112 162
112 164
112 165
112 167
112 168
112 169
112 174
112 175
112 177
112 180
112 183
112 185
112 186
112 187
112 189
112 190
112 191
112 194
112 196
112 197
112 199
113 152
113 157
113 158
113 161
113 162
113 163
113 164
113 165
113 166
113 170
113 171
113 172
113 175
113 179
113 180
113 181
113 183
113 184
113 188
113 190
113 191
113 192
113 193
113 194
113 195
113 197
113 198
114 150
114 152
114 153
114 154
114 155
114 156
114 158
114 160
114 161
114 162
114 163
114 164
114 165
114 167
114 170
114 171
114 173
114 174
114 175
114 177
114 182
114 184
114 185
114 186
114 189
114 190
114 192
114 193
114 196
115 153
115 157
115 158
115 159
115 162
115 164
115 165
115 168
115 169
115 172
115 173
115 174
115 178
115 179
115 180
115 185
115 189
115 196
115 197
115 199
116 150
116 151
116 152
116 155
116 156
116 157
116 158
116 162
116 164
116 165
116 168
116 172
116 178
116 181
116 182
116 183
116 184
116 185
116 186
116 187
116 189
116 190
116 192
116 194
116 196
116 197
116 199
117 150
117 151
117 153
117 159
117 162
117 166
117 167
117 170
117 176
117 177
117 178
117 179
117 182
117 186
117 187
117 188
117 191
117 192
117 193
117 194
117 195
117 196
117 198
118 150
118 151
118 153
118 155
118 157
118 160
118 161
118 165
118 166
118 167
118 168
118 170
118 173
118 174
118 183
118 184
118 185
118 187
118 188
118 189
118 191
118 193
118 195
118 196
118 198
119 151
119 156
119 157
119 159
119 160
119 161
119 162
119 164
119 167
119 169
119 172
119 176
119 177
119 178
119 181
119 182
119 185
119 186
119 191
119 194
119 196
119 197
119 199
120 150
120 153
120 155
120 162
120 163
120 171
120 172
120 174
120 175
120 177
120 178
120 181
120 183
120 186
120 187
120 188
120 195
120 196
120 197
120 198
120 199
121 152
121 153
121 155
121 156
121 158
121 160
121 161
121 165
121 167
121 168
121 170
121 174
121 176
121 182
121 184
121 186
121 188
121 192
121 193
121 194
121 195
121 196
122 151
122 152
122 154
122 155
122 156
122 158
122 159
122 160
122 161
122 162
122 163
122 165
122 167
122 171
122 174
122 177
122 179
122 181
122 185
122 187
122 192
122 193
122 194
122 195
122 198
123 151
123 153
123 158
123 159
123 160
123 161
123 162
123 163
123 164
123 165
123 167
123 171
123 172
123 173
123 174
123 177
123 182
123 186
123 187
123 189
123 193
123 194
123 195
124 152
124 156
124 158
124 159
124 163
124 164
124 165
124 170
124 171
124 173
124 180
124 181
124 182
124 185
124 192
124 197
124 199
125 151
125 152
125 154
125 155
125 156
125 157
125 158
125 159
125 161
125 162
125 163
125 165
125 170
125 172
125 174
125 175
125 177
125 180
125 181
125 184
125 189
125 190
125 191
125 195
125 198
126 151
126 152
126 154
126 155
126 157
126 160
126 161
126 162
126 163
126 167
126 170
126 171
126 172
126 173
126 174
126 175
126 176
126 182
126 183
126 184
126 186
126 188
126 189
126 191
126 192
126 193
126 194
126 195
126 198
126 199
127 150
127 152
127 153
127 154
127 155
127 157
127 158
127 161
127 163
127 164
127 166
127 167
127 170
127 174
127 175
127 178
127 185
127 186
127 188
127 190
127 193
127 195
127 197
127 199
128 150
128 151
128 152
128 154
128 156
128 158
128 162
128 163
128 164
128 165
128 166
128 167
128 168
128 169
128 170
128 171
128 173
128 175
128 176
128 180
128 182
128 186
128 187
128 188
128 189
128 191
128 194
128 199
129 150
129 151
129 152
129 153
129 156
129 162
129 163
129 166
129 167
129 168
129 169
129 170
129 172
129 174
129 176
129 178
129 181
129 185
129 186
129 188
129 190
129 191
129 192
129 198
130 150
130 152
130 153
130 154
130 155
130 157
130 163
130 164
130 165
130 168
130 169
130 173
130 175
130 178
130 179
130 181
130 183
130 184
130 185
130 187
130 189
130 192
130 193
130 194
130 196
131 151
131 155
131 157
131 159
131 160
131 161
131 164
131 165
131 167
131 168
131 178
131 180
131 181
131 184
131 188
131 190
131 191
131 192
131 195
131 196
131 197
131 198
132 151
132 153
132 154
132 155
132 157
132 163
132 165
132 166
132 167
132 168
132 170
132 174
132 178
132 179
132 180
132 183
132 184
132 185
132 186
132 187
132 188
132 190
132 192
132 195
132 196
132 197
132 199
133 151
133 153
133 154
133 155
133 159
133 161
133 164
133 167
133 169
133 171
133 173
133 174
133 175
133 176
133 177
133 179
133 185
133 186
133 187
133 189
133 190
133 191
133 194
133 195
133 197
133 198
133 199
134 151
134 152
134 153
134 154
134 159
134 160
134 161
134 164
134 165
134 167
134 170
134 171
134 173
134 174
134 176
134 178
134 182
134 184
134 185
134 186
134 188
134 192
134 195
134 196
134 199
135 151
135 155
135 156
135 157
135 159
135 160
135 161
135 162
135 165
135 166
135 167
135 168
135 173
135 178
135 180
135 181
135 183
135 185
135 186
135 188
135 191
135 194
135 196
135 197
135 198
135 199
136 151
136 152
136 153
136 154
136 155
136 156
136 160
136 162
136 163
136 165
136 166
136 169
136 170
136 173
136 174
136 175
136 176
136 184
136 186
136 188
136 193
136 194
136 196
137 151
137 152
137 153
137 155
137 157
137 158
137 160
137 161
137 162
137 163
137 168
137 171
137 173
137 175
137 176
137 178
137 179
137 180
137 183
137 188
137 189
137 192
137 194
137 199
138 150
138 151
138 152
138 153
138 155
138 157
138 158
138 159
138 163
138 164
138 166
138 167
138 168
138 169
138 171
138 174
138 177
138 181
138 182
138 186
138 189
138 191
138 196
138 198
138 199
139 150
139 151
139 156
139 157
139 160
139 161
139 162
139 167
139 171
139 172
139 174
139 175
139 176
139 177
139 178
139 179
139 180
139 181
139 182
139 185
139 186
139 187
139 189
139 190
139 191
139 195
139 196
139 198
139 199
140 151
140 152
140 153
140 155
140 157
140 158
140 164
140 165
140 168
140 170
140 173
140 178
140 179
140 181
140 183
140 184
140 185
140 188
140 191
140 192
140 194
140 195
141 150
141 151
141 153
141 154
141 155
141 158
141 160
141 163
141 164
141 165
141 171
141 172
141 173
141 176
141 178
141 179
141 181
141 183
141 186
141 187
141 189
141 190
141 191
141 192
141 193
141 194
141 197
141 198
142 151
142 152
142 153
142 154
142 162
142 163
142 167
142 168
142 170
142 171
142 173
142 174
142 177
142 178
142 187
142 189
142 190
142 191
142 192
142 193
142 196
142 197
142 198
143 152
143 153
143 154
143 157
143 158
143 159
143 163
143 164
143 165
143 167
143 169
143 173
143 175
143 177
143 178
143 179
143 180
143 183
143 185
143 186
143 187
143 193
143 194
143 195
143 197
143 198
143 199
144 150
144 151
144 152
144 154
144 155
144 156
144 157
144 158
144 160
144 161
144 163
144 165
144 166
144 167
144 171
144 172
144 176
144 177
144 180
144 182
144 184
144 186
144 188
144 190
144 193
144 194
144 195
144 196
144 197
144 198
144 199
145 152
145 153
145 156
145 158
145 162
145 163
145 164
145 167
145 169
145 170
145 171
145 172
145 174
145 177
145 178
145 179
145 183
145 187
145 189
145 191
145 193
145 195
145 196
145 197
145 198
145 199
146 151
146 154
146 158
146 160
146 161
146 165
146 167
146 168
146 169
146 173
146 174
146 177
146 178
146 180
146 181
146 182
146 183
146 184
146 186
146 187
146 188
146 189
146 190
146 193
146 195
146 198
146 199
147 150
147 151
147 155
147 156
147 160
147 161
147 163
147 165
147 167
147 169
147 170
147 171
147 172
147 173
147 176
147 179
147 180
147 182
147 183
147 185
147 186
147 187
147 189
147 190
147 191
147 192
147 193
147 197
147 198
147 199
148 151
148 152
148 153
148 154
148 155
148 157
148 159
148 160
148 162
148 164
148 165
148 167
148 170
148 171
148 172
148 174
148 177
148 178
148 180
148 182
148 187
148 189
148 193
148 197
148 199
149 150
149 151
149 154
149 158
149 159
149 160
149 162
149 163
149 164
149 165
149 166
149 168
149 169
149 170
149 171
149 172
149 174
149 178
149 181
149 185
149 186
149 189
149 190
149 191
149 195
149 196
149 198
