50 492
0 13
0 17
0 18
0 22
0 24
0 31
0 33
0 35
0 37
0 44
0 45
0 46
0 47
0 48
1 10
1 11
1 12
1 13
1 15
1 18
1 22
1 23
1 24
1 28
1 29
1 31
1 37
1 39
1 40
1 41
1 42
1 43
1 44
1 48
1 49
2 14
2 16
2 18
2 20
2 21
2 25
2 26
2 27
2 29
2 31
2 32
2 33
2 34
2 36
2 37
2 38
2 40
2 43
2 44
2 45
2 46
2 47
2 49
3 13
3 14
3 16
3 18
3 20
3 22
3 23
3 24
3 26
3 28
3 31
3 32
3 34
3 35
3 37
3 39
3 40
3 42
3 43
3 45
3 46
3 49
4 10
4 11
4 13
4 16
4 17
4 18
4 19
4 20
4 21
4 24
4 26
4 29
4 33
4 35
4 36
4 37
4 39
4 42
4 44
4 45
4 46
5 10
5 12
5 13
5 14
5 15
5 16
5 17
5 21
5 22
5 24
5 25
5 26
5 27
5 28
5 30
5 32
5 34
5 35
5 36
5 38
5 39
5 42
5 48
5 49
6 12
6 14
6 15
6 16
6 20
6 21
6 22
6 23
6 26
6 32
6 33
6 34
6 37
6 39
6 44
6 46
6 47
6 49
7 12
7 15
7 17
7 18
7 20
7 21
7 23
7 26
7 27
7 29
7 38
7 39
7 42
7 43
7 48
8 11
8 14
8 16
8 17
8 19
8 20
8 22
8 26
8 27
8 28
8 29
8 30
8 32
8 33
8 36
8 38
8 39
8 40
8 41
8 42
8 44
8 46
8 47
9 11
9 15
9 26
9 27
9 28
9 29
9 30
9 31
9 33
9 38
9 39
9 43
9 44
9 46
9 49
10 21
10 23
10 24
10 26
10 27
10 28
10 29
10 33
10 36
10 37
10 40
10 42
10 43
10 44
10 48
11 22
11 23
11 24
11 25
11 28
11 33
11 37
11 38
11 46
11 49
12 22
12 23
12 25
12 26
12 27
12 28
12 31
12 33
12 34
12 35
12 37
12 38
12 39
12 40
12 41
12 45
12 46
12 47
13 24
13 25
13 26
13 29
13 31
13 33
13 34
13 40
13 41
13 45
13 48
14 22
14 23
14 26
14 28
14 30
14 32
14 33
14 35
14 36
14 39
14 41
14 42
14 44
15 20
15 21
15 22
15 23
15 24
15 25
15 30
15 37
15 40
15 46
15 47
15 49
16 22
16 23
16 24
16 25
16 26
16 27
16 28
16 31
16 32
16 34
16 39
16 40
16 41
16 42
16 43
16 44
16 46
16 48
16 49
17 20
17 21
17 22
17 24
17 26
17 27
17 29
17 36
17 37
17 41
17 43
17 44
17 45
17 47
17 48
18 27
18 30
18 31
18 32
18 33
18 41
18 42
18 44
18 49
19 21
19 24
19 25
19 26
19 27
19 28
19 29
19 31
19 32
19 34
19 37
19 39
19 41
19 42
19 44
19 45
19 46
19 48
19 49
20 30
20 31
20 32
20 33
20 34
20 35
20 36
20 38
20 41
20 44
20 45
20 47
21 31
21 35
21 38
21 45
21 48
21 49
22 32
22 34
22 37
22 38
22 39
22 43
22 44
22 46
22 49
23 31
23 32
23 33
23 35
23 38
23 41
23 42
23 44
23 46
23 49
24 31
24 32
24 34
24 37
24 38
24 39
24 42
24 44
24 45
24 46
24 48
25 30
25 33
25 35
25 37
25 38
25 40
25 42
25 43
25 45
25 47
25 48
25 49
26 30
26 31
26 32
26 41
26 42
26 44
26 46
26 48
26 49
27 30
27 31
27 33
27 35
27 37
27 38
27 40
27 43
27 44
27 45
27 46
27 48
27 49
28 30
28 32
28 33
28 34
28 36
28 40
28 41
28 46
28 47
29 30
29 31
29 32
29 33
29 34
29 43
29 44
29 46
29 48
29 49
30 40
30 41
30 42
30 43
30 44
30 45
30 46
30 47
30 48
31 40
31 44
31 45
32 41
32 43
32 45
32 46
32 47
32 48
32 49
33 46
34 40
34 43
34 46
34 47
34 48
34 49
35 41
35 47
35 48
36 40
36 41
36 42
36 44
36 46
36 47
37 40
37 41
37 42
37 43
37 44
37 45
37 46
37 49
38 41
38 42
38 43
38 46
38 49
39 42
39 43
39 44
39 45
39 47
39 48
