250 12640
0 53
0 57
0 58
0 60
0 61
0 62
0 63
0 65
0 68
0 74
0 76
0 78
0 83
0 84
0 86
0 88
0 90
0 91
0 93
0 96
0 97
0 98
0 99
0 101
0 102
0 105
0 107
0 108
0 110
0 112
0 113
0 114
0 118
0 120
0 122
0 123
0 125
0 126
0 127
0 128
0 130
0 133
0 134
0 136
0 137
0 138
0 140
0 142
0 143
0 145
0 147
0 149
0 150
0 152
0 153
0 155
0 158
0 159
0 160
0 163
0 166
0 167
0 168
0 170
0 171
0 174
0 176
0 178
0 180
0 181
0 182
0 184
0 185
0 187
0 188
0 189
0 190
0 192
0 193
0 196
0 198
0 199
0 200
0 201
0 202
0 203
0 205
0 206
0 208
0 210
0 214
0 215
0 216
0 218
0 220
0 221
0 222
0 223
0 224
0 225
0 228
0 230
0 233
0 235
0 239
0 243
0 244
0 245
0 246
0 247
0 248
0 249
1 50
1 52
1 53
1 54
1 55
1 56
1 57
1 62
1 64
1 65
1 66
1 72
1 75
1 77
1 78
1 81
1 84
1 86
1 87
1 89
1 91
1 95
1 101
1 104
1 105
1 107
1 110
1 112
1 113
1 114
1 118
1 119
1 121
1 123
1 129
1 130
1 131
1 132
1 135
1 137
1 138
1 139
1 143
1 144
1 145
1 146
1 149
1 151
1 153
1 154
1 158
1 159
1 160
1 161
1 162
1 165
1 167
1 168
1 169
1 172
1 174
1 175
1 176
1 178
1 180
1 181
1 182
1 184
1 186
1 192
1 193
1 194
1 199
1 201
1 203
1 204
1 207
1 208
1 209
1 211
1 213
1 216
1 217
1 218
1 219
1 222
1 223
1 224
1 227
1 230
1 231
1 232
1 233
1 234
1 237
1 238
1 240
1 242
1 244
1 245
1 247
1 248
2 52
2 54
2 62
2 63
2 64
2 68
2 69
2 70
2 71
2 75
2 76
2 77
2 79
2 80
2 82
2 83
2 84
2 86
2 88
2 90
2 91
2 94
2 96
2 99
2 100
2 101
2 102
2 103
2 105
2 106
2 111
2 113
2 114
2 115
2 116
2 117
2 120
2 121
2 122
2 125
2 127
2 128
2 130
2 132
2 133
2 136
2 138
2 141
2 144
2 146
2 147
2 149
2 150
2 152
2 155
2 157
2 158
2 159
2 160
2 162
2 163
2 166
2 168
2 172
2 173
2 176
2 177
2 179
2 180
2 184
2 185
2 186
2 188
2 189
2 190
2 191
2 194
2 195
2 198
2 199
2 201
2 203
2 205
2 206
2 207
2 208
2 213
2 214
2 217
2 223
2 225
2 227
2 229
2 231
2 233
2 234
2 235
2 236
2 237
2 238
2 239
2 240
2 241
2 243
2 248
2 249
3 51
3 52
3 54
3 55
3 56
3 57
3 58
3 60
3 61
3 62
3 63
3 66
3 70
3 71
3 73
3 76
3 77
3 79
3 80
3 82
3 86
3 87
3 88
3 89
3 96
3 97
3 98
3 99
3 101
3 104
3 105
3 106
3 107
3 109
3 110
3 111
3 112
3 118
3 119
3 121
3 125
3 128
3 129
3 130
3 132
3 135
3 136
3 138
3 144
3 146
3 149
3 150
3 154
3 157
3 158
3 159
3 160
3 162
3 163
3 164
3 166
3 167
3 168
3 172
3 174
3 176
3 178
3 179
3 181
3 182
3 183
3 184
3 191
3 192
3 194
3 198
3 199
3 201
3 203
3 207
3 209
3 210
3 212
3 214
3 217
3 220
3 231
3 232
3 233
3 234
3 237
3 241
3 242
3 244
3 245
4 51
4 53
4 55
4 57
4 61
4 67
4 69
4 71
4 72
4 73
4 74
4 76
4 77
4 78
4 81
4 82
4 84
4 85
4 87
4 89
4 93
4 95
4 96
4 97
4 99
4 101
4 102
4 111
4 112
4 113
4 114
4 115
4 117
4 120
4 121
4 122
4 123
4 124
4 125
4 126
4 129
4 134
4 135
4 136
4 137
4 139
4 140
4 143
4 144
4 147
4 148
4 150
4 153
4 154
4 155
4 158
4 160
4 161
4 162
4 164
4 165
4 167
4 168
4 170
4 171
4 172
4 175
4 176
4 177
4 180
4 183
4 186
4 187
4 188
4 189
4 191
4 192
4 193
4 198
4 199
4 200
4 206
4 209
4 210
4 211
4 213
4 216
4 218
4 220
4 222
4 223
4 227
4 228
4 230
4 231
4 236
4 237
4 239
4 242
4 243
4 244
4 246
4 248
4 249
5 50
5 52
5 54
5 55
5 56
5 58
5 59
5 62
5 63
5 64
5 67
5 69
5 78
5 79
5 80
5 82
5 83
5 86
5 88
5 89
5 90
5 91
5 93
5 98
5 99
5 101
5 103
5 105
5 107
5 111
5 114
5 117
5 119
5 120
5 124
5 125
5 127
5 128
5 129
5 133
5 135
5 136
5 141
5 142
5 143
5 146
5 147
5 148
5 149
5 150
5 152
5 153
5 154
5 155
5 157
5 160
5 162
5 164
5 167
5 168
5 169
5 170
5 171
5 172
5 174
5 176
5 177
5 178
5 181
5 182
5 183
5 186
5 187
5 188
5 189
5 193
5 197
5 201
5 202
5 203
5 205
5 208
5 209
5 211
5 212
5 214
5 216
5 219
5 220
5 221
5 223
5 227
5 231
5 232
5 237
5 238
5 242
6 54
6 55
6 56
6 57
6 58
6 60
6 61
6 62
6 63
6 64
6 68
6 69
6 70
6 73
6 74
6 75
6 76
6 77
6 79
6 80
6 82
6 83
6 85
6 86
6 89
6 92
6 94
6 95
6 96
6 100
6 102
6 103
6 105
6 107
6 112
6 113
6 114
6 119
6 121
6 122
6 123
6 125
6 126
6 129
6 132
6 135
6 136
6 137
6 138
6 141
6 142
6 149
6 152
6 153
6 158
6 159
6 161
6 163
6 164
6 167
6 168
6 169
6 171
6 174
6 177
6 179
6 181
6 184
6 191
6 193
6 194
6 196
6 197
6 199
6 200
6 203
6 204
6 205
6 206
6 209
6 211
6 212
6 213
6 216
6 217
6 223
6 224
6 227
6 231
6 233
6 234
6 235
6 236
6 237
6 240
6 242
6 243
6 247
6 248
7 52
7 58
7 59
7 64
7 66
7 67
7 69
7 72
7 73
7 78
7 80
7 81
7 82
7 84
7 86
7 87
7 93
7 94
7 96
7 99
7 103
7 105
7 106
7 107
7 108
7 113
7 114
7 118
7 120
7 123
7 125
7 126
7 129
7 130
7 131
7 132
7 135
7 138
7 139
7 140
7 143
7 144
7 145
7 146
7 150
7 154
7 155
7 157
7 158
7 160
7 161
7 162
7 163
7 164
7 165
7 166
7 167
7 168
7 170
7 172
7 173
7 174
7 175
7 176
7 179
7 180
7 181
7 182
7 183
7 184
7 185
7 187
7 189
7 190
7 193
7 194
7 195
7 202
7 204
7 207
7 208
7 211
7 212
7 214
7 217
7 218
7 219
7 220
7 221
7 225
7 226
7 227
7 230
7 232
7 233
7 235
7 237
7 238
7 241
7 242
7 243
7 244
7 245
7 246
7 249
8 51
8 53
8 54
8 56
8 57
8 58
8 59
8 62
8 63
8 64
8 65
8 68
8 72
8 73
8 75
8 76
8 77
8 78
8 84
8 85
8 86
8 89
8 92
8 93
8 96
8 98
8 103
8 104
8 106
8 107
8 109
8 112
8 113
8 117
8 118
8 119
8 122
8 124
8 125
8 130
8 134
8 137
8 139
8 144
8 146
8 150
8 153
8 154
8 156
8 158
8 159
8 160
8 162
8 163
8 164
8 165
8 166
8 167
8 168
8 169
8 170
8 172
8 173
8 175
8 177
8 178
8 181
8 182
8 185
8 186
8 187
8 188
8 189
8 190
8 191
8 193
8 194
8 195
8 198
8 202
8 204
8 205
8 207
8 209
8 211
8 212
8 217
8 218
8 220
8 223
8 224
8 232
8 233
8 235
8 238
8 239
9 50
9 51
9 52
9 53
9 54
9 55
9 62
9 63
9 64
9 65
9 66
9 67
9 68
9 70
9 71
9 72
9 74
9 76
9 77
9 79
9 87
9 91
9 94
9 95
9 96
9 97
9 98
9 99
9 100
9 101
9 103
9 104
9 106
9 108
9 112
9 113
9 114
9 115
9 117
9 120
9 121
9 125
9 126
9 128
9 129
9 131
9 135
9 136
9 137
9 138
9 140
9 141
9 143
9 144
9 146
9 148
9 149
9 151
9 155
9 156
9 158
9 160
9 167
9 168
9 169
9 170
9 174
9 176
9 177
9 179
9 183
9 184
9 187
9 189
9 193
9 196
9 198
9 199
9 200
9 202
9 203
9 205
9 209
9 211
9 212
9 213
9 214
9 215
9 216
9 218
9 221
9 222
9 226
9 227
9 229
9 230
9 231
9 232
9 233
9 236
9 237
9 238
9 239
9 241
9 242
9 243
9 244
9 245
9 246
9 247
9 248
9 249
10 53
10 56
10 57
10 63
10 67
10 68
10 71
10 73
10 74
10 75
10 77
10 78
10 79
10 81
10 83
10 84
10 90
10 92
10 93
10 95
10 96
10 99
10 100
10 101
10 103
10 104
10 106
10 107
10 110
10 111
10 113
10 114
10 116
10 120
10 121
10 122
10 123
10 124
10 125
10 126
10 127
10 130
10 131
10 133
10 134
10 135
10 136
10 137
10 139
10 145
10 146
10 148
10 151
10 152
10 156
10 158
10 159
10 162
10 164
10 169
10 173
10 174
10 175
10 180
10 181
10 182
10 183
10 187
10 188
10 189
10 190
10 192
10 194
10 198
10 205
10 206
10 207
10 210
10 213
10 214
10 216
10 217
10 223
10 225
10 230
10 231
10 237
10 239
10 240
10 241
10 243
10 245
10 249
11 50
11 57
11 61
11 62
11 64
11 69
11 76
11 77
11 80
11 81
11 82
11 83
11 91
11 92
11 94
11 97
11 99
11 100
11 102
11 105
11 106
11 107
11 108
11 111
11 112
11 113
11 114
11 115
11 116
11 117
11 119
11 122
11 123
11 125
11 126
11 128
11 129
11 131
11 132
11 133
11 136
11 138
11 142
11 143
11 144
11 148
11 149
11 151
11 153
11 156
11 158
11 165
11 167
11 168
11 170
11 171
11 173
11 174
11 177
11 180
11 181
11 183
11 188
11 191
11 192
11 194
11 196
11 199
11 202
11 205
11 207
11 215
11 220
11 221
11 223
11 225
11 229
11 230
11 231
11 232
11 235
11 236
11 239
11 240
11 241
11 243
11 244
11 247
12 50
12 52
12 53
12 54
12 58
12 66
12 69
12 70
12 71
12 75
12 76
12 77
12 80
12 81
12 85
12 88
12 91
12 92
12 94
12 100
12 101
12 102
12 105
12 111
12 112
12 113
12 115
12 117
12 118
12 120
12 122
12 123
12 124
12 126
12 129
12 134
12 136
12 137
12 138
12 139
12 140
12 142
12 144
12 147
12 148
12 150
12 151
12 155
12 156
12 162
12 163
12 167
12 168
12 169
12 170
12 173
12 177
12 179
12 180
12 181
12 182
12 191
12 192
12 193
12 194
12 195
12 197
12 198
12 200
12 201
12 202
12 203
12 206
12 207
12 208
12 209
12 211
12 212
12 213
12 214
12 215
12 216
12 217
12 219
12 222
12 223
12 224
12 225
12 228
12 230
12 232
12 237
12 238
12 239
12 241
12 242
12 243
12 245
12 249
13 50
13 56
13 57
13 59
13 60
13 61
13 62
13 63
13 64
13 66
13 68
13 69
13 71
13 73
13 74
13 75
13 77
13 78
13 81
13 82
13 84
13 89
13 91
13 92
13 94
13 95
13 96
13 98
13 99
13 100
13 105
13 108
13 109
13 110
13 114
13 115
13 116
13 117
13 118
13 120
13 121
13 122
13 123
13 125
13 126
13 131
13 134
13 137
13 139
13 140
13 142
13 143
13 147
13 148
13 151
13 153
13 154
13 156
13 157
13 160
13 163
13 164
13 165
13 166
13 167
13 168
13 169
13 174
13 175
13 176
13 177
13 178
13 180
13 182
13 184
13 185
13 191
13 193
13 194
13 198
13 199
13 204
13 206
13 207
13 208
13 209
13 211
13 214
13 216
13 218
13 219
13 221
13 222
13 224
13 226
13 227
13 230
13 232
13 234
13 237
13 242
13 245
13 246
13 249
14 50
14 51
14 52
14 53
14 54
14 55
14 56
14 58
14 61
14 65
14 68
14 72
14 74
14 77
14 78
14 79
14 81
14 82
14 83
14 85
14 88
14 91
14 92
14 94
14 97
14 98
14 99
14 101
14 103
14 105
14 108
14 111
14 112
14 115
14 117
14 119
14 120
14 121
14 122
14 124
14 125
14 126
14 128
14 130
14 132
14 133
14 134
14 136
14 138
14 144
14 146
14 147
14 152
14 153
14 157
14 158
14 159
14 162
14 165
14 167
14 172
14 174
14 175
14 177
14 178
14 181
14 182
14 183
14 185
14 186
14 187
14 188
14 189
14 190
14 191
14 192
14 193
14 195
14 196
14 198
14 199
14 204
14 205
14 206
14 208
14 210
14 212
14 213
14 214
14 216
14 217
14 218
14 220
14 221
14 223
14 224
14 226
14 227
14 229
14 232
14 233
14 238
14 242
14 243
14 245
14 249
15 50
15 53
15 55
15 57
15 58
15 60
15 61
15 62
15 70
15 71
15 73
15 75
15 77
15 78
15 80
15 82
15 83
15 84
15 86
15 90
15 91
15 92
15 93
15 94
15 103
15 107
15 113
15 114
15 116
15 117
15 118
15 119
15 120
15 122
15 123
15 125
15 127
15 132
15 134
15 136
15 138
15 139
15 141
15 142
15 144
15 145
15 146
15 149
15 151
15 155
15 156
15 157
15 158
15 159
15 160
15 164
15 165
15 170
15 173
15 174
15 175
15 176
15 177
15 178
15 185
15 186
15 188
15 189
15 191
15 197
15 198
15 200
15 201
15 204
15 205
15 207
15 208
15 209
15 211
15 212
15 214
15 215
15 216
15 217
15 218
15 220
15 221
15 223
15 229
15 232
15 235
15 239
15 240
15 243
15 244
15 247
16 51
16 54
16 55
16 57
16 65
16 68
16 69
16 73
16 74
16 76
16 79
16 81
16 82
16 84
16 86
16 89
16 92
16 94
16 95
16 96
16 98
16 100
16 101
16 102
16 103
16 105
16 106
16 107
16 108
16 109
16 112
16 113
16 117
16 119
16 120
16 122
16 123
16 124
16 129
16 131
16 136
16 137
16 138
16 139
16 141
16 143
16 147
16 150
16 152
16 153
16 158
16 160
16 161
16 162
16 163
16 164
16 166
16 169
16 171
16 172
16 174
16 175
16 177
16 178
16 183
16 184
16 186
16 188
16 190
16 191
16 192
16 193
16 198
16 202
16 204
16 205
16 208
16 209
16 213
16 217
16 218
16 220
16 222
16 223
16 225
16 226
16 227
16 228
16 231
16 232
16 233
16 234
16 235
16 242
16 244
16 246
16 247
16 248
17 50
17 52
17 53
17 55
17 57
17 58
17 59
17 61
17 62
17 64
17 66
17 68
17 69
17 70
17 73
17 74
17 75
17 76
17 78
17 79
17 80
17 81
17 86
17 87
17 93
17 94
17 96
17 98
17 99
17 100
17 105
17 106
17 107
17 109
17 110
17 115
17 117
17 119
17 121
17 122
17 125
17 129
17 130
17 131
17 132
17 134
17 135
17 136
17 137
17 138
17 140
17 141
17 144
17 145
17 148
17 150
17 152
17 153
17 154
17 156
17 157
17 159
17 162
17 164
17 165
17 167
17 170
17 171
17 172
17 173
17 175
17 176
17 178
17 180
17 181
17 183
17 184
17 185
17 186
17 187
17 190
17 191
17 192
17 194
17 195
17 196
17 198
17 201
17 203
17 206
17 207
17 208
17 212
17 215
17 217
17 218
17 220
17 223
17 227
17 228
17 230
17 232
17 233
17 234
17 235
17 236
17 239
17 240
17 243
17 244
17 245
17 246
17 247
17 249
18 50
18 51
18 52
18 53
18 54
18 55
18 56
18 57
18 58
18 60
18 64
18 65
18 71
18 73
18 75
18 76
18 77
18 78
18 79
18 86
18 90
18 93
18 96
18 97
18 98
18 99
18 100
18 105
18 109
18 111
18 112
18 113
18 116
18 119
18 120
18 121
18 124
18 126
18 127
18 129
18 133
18 137
18 140
18 146
18 148
18 150
18 156
18 159
18 160
18 161
18 165
18 166
18 167
18 168
18 170
18 173
18 174
18 176
18 178
18 179
18 181
18 185
18 186
18 187
18 194
18 196
18 205
18 207
18 209
18 210
18 212
18 214
18 215
18 217
18 221
18 229
18 230
18 231
18 233
18 235
18 236
18 238
18 239
18 240
18 243
18 244
18 245
18 247
18 249
19 51
19 57
19 58
19 60
19 61
19 62
19 64
19 66
19 67
19 70
19 71
19 72
19 73
19 74
19 75
19 76
19 79
19 81
19 82
19 83
19 86
19 89
19 92
19 93
19 94
19 95
19 97
19 98
19 104
19 105
19 109
19 112
19 113
19 116
19 118
19 121
19 123
19 125
19 126
19 127
19 130
19 133
19 135
19 136
19 137
19 139
19 140
19 144
19 146
19 147
19 150
19 153
19 156
19 157
19 158
19 162
19 163
19 166
19 167
19 168
19 170
19 172
19 173
19 174
19 175
19 176
19 177
19 188
19 189
19 192
19 195
19 197
19 198
19 200
19 203
19 204
19 205
19 206
19 207
19 208
19 209
19 210
19 212
19 219
19 220
19 221
19 222
19 225
19 228
19 232
19 233
19 234
19 235
19 236
19 238
19 239
19 240
19 241
19 243
19 245
19 246
19 249
20 50
20 52
20 53
20 57
20 58
20 59
20 60
20 64
20 65
20 68
20 70
20 71
20 74
20 75
20 76
20 78
20 79
20 80
20 81
20 84
20 85
20 86
20 87
20 91
20 92
20 93
20 94
20 99
20 100
20 103
20 105
20 112
20 114
20 115
20 116
20 117
20 120
20 122
20 126
20 127
20 137
20 138
20 141
20 143
20 144
20 149
20 150
20 154
20 156
20 157
20 158
20 159
20 163
20 164
20 165
20 167
20 168
20 169
20 170
20 172
20 174
20 176
20 177
20 178
20 182
20 183
20 185
20 186
20 188
20 189
20 190
20 193
20 195
20 196
20 197
20 201
20 203
20 206
20 207
20 208
20 209
20 215
20 217
20 219
20 220
20 221
20 225
20 226
20 227
20 228
20 230
20 232
20 233
20 236
20 238
20 240
20 244
20 246
20 248
21 53
21 57
21 58
21 59
21 60
21 61
21 63
21 64
21 65
21 67
21 73
21 74
21 79
21 80
21 84
21 86
21 91
21 93
21 95
21 96
21 98
21 103
21 104
21 106
21 107
21 108
21 109
21 110
21 116
21 118
21 119
21 120
21 122
21 124
21 127
21 129
21 132
21 133
21 139
21 140
21 141
21 144
21 145
21 147
21 148
21 149
21 151
21 153
21 154
21 156
21 159
21 160
21 161
21 162
21 163
21 166
21 167
21 172
21 173
21 174
21 175
21 177
21 178
21 179
21 180
21 181
21 184
21 185
21 188
21 190
21 192
21 193
21 195
21 196
21 200
21 202
21 206
21 208
21 209
21 210
21 212
21 216
21 217
21 220
21 225
21 226
21 227
21 228
21 229
21 230
21 231
21 233
21 234
21 235
21 236
21 237
21 238
21 241
21 242
21 243
21 244
21 249
22 50
22 51
22 54
22 56
22 65
22 66
22 68
22 69
22 70
22 71
22 72
22 75
22 76
22 78
22 80
22 81
22 87
22 90
22 92
22 93
22 94
22 99
22 100
22 101
22 102
22 105
22 107
22 108
22 109
22 110
22 112
22 114
22 117
22 118
22 121
22 125
22 126
22 127
22 130
22 132
22 133
22 135
22 138
22 140
22 141
22 146
22 148
22 149
22 150
22 151
22 155
22 156
22 157
22 158
22 164
22 165
22 166
22 167
22 169
22 170
22 171
22 172
22 174
22 179
22 180
22 181
22 184
22 188
22 189
22 192
22 193
22 194
22 196
22 197
22 198
22 199
22 202
22 203
22 204
22 205
22 211
22 212
22 220
22 221
22 225
22 227
22 231
22 232
22 237
22 238
22 240
22 243
22 245
23 51
23 54
23 55
23 56
23 65
23 66
23 68
23 71
23 72
23 73
23 75
23 76
23 77
23 78
23 79
23 80
23 83
23 85
23 86
23 87
23 88
23 89
23 94
23 95
23 96
23 97
23 99
23 100
23 101
23 102
23 105
23 106
23 109
23 111
23 112
23 114
23 115
23 116
23 117
23 119
23 120
23 121
23 122
23 125
23 129
23 131
23 132
23 133
23 135
23 136
23 142
23 143
23 145
23 146
23 148
23 150
23 151
23 152
23 153
23 154
23 156
23 157
23 159
23 162
23 164
23 167
23 168
23 170
23 177
23 178
23 179
23 180
23 182
23 184
23 185
23 188
23 190
23 192
23 193
23 199
23 201
23 202
23 204
23 205
23 209
23 210
23 212
23 213
23 214
23 215
23 219
23 221
23 222
23 227
23 232
23 233
23 235
23 236
23 240
23 241
23 242
23 243
23 246
23 247
23 248
24 50
24 51
24 53
24 57
24 58
24 59
24 60
24 61
24 67
24 68
24 70
24 72
24 73
24 76
24 78
24 80
24 82
24 83
24 84
24 87
24 91
24 93
24 96
24 102
24 103
24 105
24 106
24 108
24 109
24 110
24 111
24 112
24 113
24 115
24 118
24 119
24 121
24 123
24 124
24 125
24 127
24 128
24 130
24 133
24 134
24 136
24 137
24 139
24 140
24 142
24 143
24 144
24 145
24 146
24 151
24 152
24 153
24 158
24 164
24 165
24 168
24 169
24 170
24 171
24 172
24 173
24 174
24 175
24 177
24 178
24 182
24 184
24 189
24 191
24 194
24 195
24 196
24 199
24 202
24 203
24 204
24 206
24 207
24 210
24 212
24 213
24 215
24 217
24 218
24 220
24 226
24 227
24 228
24 229
24 231
24 235
24 237
24 240
24 242
24 243
24 245
24 246
24 247
24 249
25 51
25 57
25 59
25 61
25 63
25 64
25 65
25 71
25 73
25 74
25 75
25 77
25 81
25 83
25 84
25 86
25 88
25 92
25 93
25 97
25 98
25 100
25 102
25 104
25 107
25 108
25 110
25 111
25 115
25 117
25 119
25 121
25 122
25 125
25 126
25 127
25 128
25 132
25 136
25 139
25 142
25 143
25 145
25 146
25 147
25 148
25 149
25 153
25 156
25 158
25 159
25 161
25 162
25 163
25 165
25 168
25 169
25 172
25 177
25 180
25 182
25 183
25 185
25 190
25 191
25 193
25 194
25 196
25 197
25 198
25 199
25 200
25 202
25 203
25 208
25 209
25 210
25 212
25 213
25 214
25 215
25 222
25 225
25 227
25 228
25 230
25 232
25 233
25 241
25 243
25 244
25 247
26 50
26 51
26 53
26 54
26 55
26 58
26 60
26 61
26 63
26 64
26 66
26 68
26 69
26 70
26 72
26 73
26 74
26 77
26 78
26 80
26 81
26 83
26 84
26 85
26 86
26 87
26 89
26 90
26 91
26 92
26 95
26 97
26 98
26 99
26 100
26 101
26 104
26 105
26 107
26 109
26 112
26 114
26 118
26 120
26 121
26 123
26 125
26 127
26 129
26 131
26 132
26 133
26 135
26 137
26 140
26 141
26 142
26 145
26 146
26 150
26 151
26 152
26 153
26 158
26 161
26 163
26 164
26 165
26 167
26 170
26 173
26 174
26 175
26 176
26 180
26 184
26 186
26 190
26 191
26 192
26 193
26 194
26 196
26 199
26 206
26 207
26 211
26 213
26 214
26 218
26 221
26 222
26 226
26 227
26 228
26 229
26 231
26 232
26 233
26 234
26 235
26 239
26 241
26 243
26 244
26 248
27 52
27 53
27 54
27 55
27 57
27 58
27 59
27 60
27 62
27 64
27 65
27 68
27 71
27 73
27 74
27 76
27 77
27 79
27 81
27 84
27 85
27 86
27 87
27 88
27 89
27 90
27 94
27 95
27 97
27 99
27 103
27 104
27 105
27 108
27 110
27 111
27 112
27 116
27 117
27 118
27 120
27 121
27 122
27 126
27 127
27 128
27 131
27 132
27 133
27 136
27 138
27 143
27 145
27 147
27 148
27 149
27 151
27 153
27 155
27 156
27 157
27 158
27 159
27 160
27 162
27 163
27 165
27 166
27 167
27 169
27 171
27 174
27 175
27 180
27 181
27 183
27 184
27 185
27 186
27 189
27 190
27 191
27 193
27 196
27 197
27 199
27 201
27 202
27 205
27 206
27 209
27 210
27 211
27 214
27 217
27 220
27 227
27 230
27 231
27 232
27 233
27 234
27 235
27 236
27 239
27 240
27 244
27 249
28 50
28 52
28 55
28 57
28 58
28 59
28 60
28 62
28 63
28 64
28 68
28 71
28 72
28 73
28 74
28 75
28 76
28 77
28 80
28 81
28 82
28 84
28 87
28 88
28 91
28 92
28 93
28 94
28 96
28 97
28 101
28 102
28 103
28 104
28 105
28 106
28 108
28 109
28 112
28 115
28 119
28 121
28 123
28 124
28 126
28 129
28 130
28 134
28 138
28 139
28 140
28 142
28 147
28 149
28 150
28 151
28 154
28 155
28 156
28 158
28 161
28 163
28 164
28 165
28 167
28 168
28 169
28 172
28 173
28 176
28 178
28 180
28 182
28 183
28 184
28 188
28 194
28 195
28 196
28 198
28 200
28 201
28 204
28 205
28 207
28 208
28 211
28 213
28 215
28 217
28 219
28 220
28 222
28 223
28 224
28 225
28 227
28 229
28 232
28 233
28 234
28 236
28 237
28 238
28 239
28 242
28 243
28 244
28 248
28 249
29 52
29 56
29 58
29 60
29 61
29 62
29 63
29 65
29 66
29 68
29 69
29 71
29 73
29 76
29 77
29 81
29 82
29 84
29 85
29 88
29 95
29 96
29 99
29 105
29 107
29 114
29 121
29 122
29 123
29 124
29 125
29 126
29 127
29 128
29 130
29 131
29 132
29 134
29 135
29 139
29 143
29 144
29 146
29 147
29 150
29 153
29 155
29 158
29 162
29 164
29 165
29 166
29 167
29 170
29 175
29 178
29 179
29 182
29 187
29 188
29 189
29 191
29 194
29 195
29 196
29 197
29 198
29 201
29 202
29 203
29 204
29 209
29 210
29 212
29 213
29 216
29 217
29 225
29 228
29 230
29 231
29 232
29 233
29 234
29 237
29 238
29 239
29 241
29 242
29 243
29 245
29 248
29 249
30 56
30 57
30 59
30 60
30 61
30 63
30 64
30 65
30 66
30 67
30 69
30 76
30 78
30 79
30 81
30 83
30 84
30 85
30 86
30 87
30 89
30 92
30 94
30 96
30 97
30 99
30 101
30 103
30 105
30 108
30 109
30 110
30 112
30 113
30 115
30 116
30 121
30 128
30 129
30 130
30 132
30 134
30 137
30 138
30 139
30 140
30 141
30 143
30 145
30 146
30 149
30 150
30 151
30 156
30 157
30 158
30 159
30 160
30 161
30 163
30 164
30 165
30 166
30 174
30 175
30 180
30 181
30 182
30 183
30 184
30 185
30 186
30 192
30 194
30 195
30 197
30 201
30 202
30 205
30 206
30 207
30 208
30 209
30 210
30 214
30 215
30 216
30 217
30 219
30 221
30 222
30 223
30 226
30 228
30 229
30 230
30 233
30 234
30 236
30 237
30 239
30 240
30 242
30 245
30 248
31 50
31 51
31 52
31 54
31 61
31 62
31 63
31 66
31 67
31 68
31 71
31 77
31 79
31 80
31 82
31 85
31 86
31 89
31 91
31 92
31 93
31 94
31 95
31 96
31 97
31 98
31 99
31 101
31 102
31 105
31 106
31 110
31 111
31 113
31 114
31 115
31 116
31 122
31 124
31 125
31 126
31 127
31 128
31 129
31 130
31 131
31 133
31 134
31 135
31 138
31 139
31 141
31 143
31 145
31 146
31 147
31 148
31 151
31 153
31 155
31 156
31 157
31 158
31 160
31 162
31 163
31 165
31 167
31 169
31 171
31 172
31 175
31 177
31 178
31 180
31 184
31 186
31 188
31 191
31 193
31 194
31 195
31 196
31 199
31 200
31 201
31 204
31 205
31 206
31 207
31 209
31 211
31 212
31 215
31 216
31 217
31 218
31 219
31 221
31 222
31 223
31 228
31 229
31 230
31 232
31 233
31 234
31 235
31 239
31 240
31 242
31 243
31 244
31 246
31 247
31 249
32 51
32 52
32 54
32 57
32 58
32 59
32 60
32 61
32 62
32 66
32 67
32 69
32 70
32 72
32 74
32 76
32 78
32 80
32 81
32 82
32 84
32 86
32 87
32 88
32 94
32 95
32 96
32 99
32 100
32 102
32 103
32 104
32 105
32 108
32 109
32 110
32 111
32 112
32 113
32 114
32 117
32 118
32 121
32 128
32 133
32 134
32 136
32 139
32 141
32 146
32 148
32 149
32 152
32 154
32 155
32 158
32 160
32 162
32 166
32 167
32 170
32 171
32 176
32 180
32 183
32 184
32 185
32 187
32 188
32 189
32 190
32 191
32 192
32 194
32 195
32 196
32 202
32 203
32 204
32 206
32 208
32 212
32 214
32 215
32 216
32 218
32 219
32 220
32 221
32 222
32 225
32 226
32 228
32 229
32 230
32 231
32 233
32 234
32 235
32 236
32 240
32 241
32 242
32 244
32 247
32 248
33 50
33 51
33 52
33 54
33 56
33 57
33 59
33 61
33 62
33 64
33 65
33 67
33 68
33 69
33 70
33 71
33 73
33 76
33 77
33 82
33 83
33 88
33 92
33 93
33 97
33 99
33 100
33 103
33 104
33 106
33 107
33 110
33 111
33 113
33 116
33 119
33 126
33 127
33 130
33 131
33 133
33 134
33 139
33 140
33 141
33 142
33 145
33 146
33 148
33 149
33 150
33 151
33 152
33 153
33 154
33 159
33 160
33 161
33 164
33 165
33 166
33 168
33 174
33 179
33 183
33 185
33 186
33 195
33 197
33 201
33 203
33 205
33 207
33 210
33 216
33 217
33 218
33 219
33 220
33 223
33 225
33 226
33 229
33 230
33 235
33 236
33 237
33 239
33 240
33 242
33 243
33 244
33 245
33 246
33 249
34 52
34 53
34 54
34 56
34 57
34 59
34 60
34 61
34 62
34 63
34 68
34 70
34 71
34 73
34 74
34 75
34 76
34 77
34 78
34 81
34 85
34 87
34 88
34 90
34 91
34 94
34 96
34 98
34 103
34 106
34 108
34 109
34 110
34 111
34 118
34 119
34 120
34 122
34 124
34 127
34 128
34 129
34 130
34 131
34 132
34 133
34 136
34 143
34 146
34 147
34 148
34 150
34 151
34 154
34 155
34 159
34 163
34 166
34 169
34 170
34 172
34 174
34 179
34 180
34 183
34 184
34 188
34 192
34 194
34 195
34 197
34 198
34 200
34 201
34 204
34 205
34 207
34 208
34 209
34 212
34 213
34 214
34 216
34 219
34 220
34 223
34 224
34 226
34 227
34 228
34 229
34 231
34 233
34 239
34 241
34 242
34 244
34 245
34 248
34 249
35 50
35 51
35 54
35 56
35 61
35 63
35 66
35 67
35 68
35 69
35 74
35 76
35 77
35 79
35 80
35 81
35 84
35 86
35 88
35 90
35 92
35 93
35 94
35 95
35 96
35 98
35 99
35 101
35 102
35 104
35 105
35 106
35 107
35 108
35 109
35 110
35 114
35 115
35 116
35 118
35 119
35 121
35 126
35 127
35 128
35 132
35 133
35 135
35 136
35 137
35 141
35 143
35 144
35 146
35 148
35 149
35 150
35 152
35 154
35 155
35 158
35 159
35 160
35 161
35 162
35 163
35 166
35 167
35 168
35 169
35 171
35 172
35 174
35 177
35 179
35 180
35 181
35 185
35 189
35 190
35 193
35 195
35 197
35 198
35 199
35 201
35 203
35 206
35 207
35 209
35 210
35 213
35 214
35 215
35 217
35 218
35 219
35 220
35 221
35 223
35 224
35 225
35 226
35 227
35 228
35 230
35 238
35 240
35 241
35 242
35 244
35 248
35 249
36 52
36 54
36 55
36 56
36 57
36 58
36 59
36 61
36 62
36 63
36 64
36 65
36 68
36 69
36 71
36 72
36 75
36 76
36 81
36 83
36 84
36 86
36 87
36 91
36 93
36 94
36 95
36 96
36 100
36 104
36 105
36 106
36 108
36 109
36 111
36 112
36 113
36 114
36 115
36 120
36 123
36 125
36 127
36 129
36 130
36 131
36 133
36 137
36 138
36 139
36 140
36 141
36 143
36 145
36 146
36 148
36 149
36 150
36 151
36 154
36 156
36 157
36 158
36 159
36 167
36 168
36 171
36 172
36 175
36 177
36 178
36 179
36 180
36 181
36 182
36 183
36 184
36 187
36 189
36 192
36 193
36 194
36 195
36 196
36 197
36 198
36 200
36 202
36 203
36 204
36 205
36 206
36 207
36 210
36 211
36 213
36 214
36 220
36 221
36 222
36 224
36 227
36 228
36 229
36 231
36 232
36 233
36 234
36 236
36 238
36 239
36 240
36 241
36 243
36 245
36 246
36 247
36 248
36 249
37 50
37 51
37 52
37 53
37 54
37 57
37 58
37 59
37 61
37 64
37 65
37 66
37 68
37 70
37 72
37 73
37 78
37 80
37 82
37 84
37 85
37 88
37 89
37 91
37 92
37 93
37 94
37 96
37 97
37 98
37 100
37 103
37 108
37 109
37 114
37 118
37 119
37 123
37 125
37 126
37 127
37 128
37 129
37 130
37 131
37 133
37 134
37 136
37 137
37 138
37 140
37 141
37 142
37 145
37 146
37 149
37 150
37 151
37 153
37 154
37 155
37 156
37 157
37 159
37 160
37 161
37 162
37 167
37 169
37 172
37 173
37 174
37 177
37 178
37 179
37 180
37 184
37 186
37 189
37 191
37 192
37 193
37 197
37 199
37 201
37 202
37 204
37 205
37 210
37 211
37 212
37 213
37 214
37 215
37 218
37 219
37 221
37 222
37 228
37 229
37 234
37 235
37 237
37 240
37 241
37 242
37 243
37 247
38 52
38 54
38 55
38 58
38 63
38 71
38 72
38 73
38 74
38 75
38 77
38 79
38 80
38 81
38 82
38 83
38 84
38 87
38 88
38 89
38 90
38 93
38 96
38 97
38 99
38 100
38 104
38 105
38 107
38 110
38 112
38 113
38 114
38 115
38 119
38 121
38 122
38 123
38 128
38 129
38 130
38 131
38 133
38 134
38 135
38 137
38 138
38 139
38 140
38 141
38 144
38 145
38 147
38 148
38 150
38 152
38 155
38 159
38 160
38 161
38 162
38 163
38 167
38 168
38 172
38 173
38 175
38 176
38 177
38 179
38 183
38 184
38 187
38 190
38 191
38 192
38 194
38 195
38 197
38 198
38 199
38 200
38 201
38 202
38 203
38 205
38 212
38 213
38 215
38 218
38 219
38 220
38 222
38 224
38 225
38 226
38 228
38 229
38 231
38 232
38 233
38 234
38 236
38 241
38 243
38 246
38 247
38 248
38 249
39 50
39 51
39 52
39 57
39 58
39 59
39 60
39 61
39 62
39 63
39 65
39 66
39 68
39 71
39 72
39 74
39 75
39 77
39 79
39 80
39 85
39 86
39 90
39 93
39 97
39 98
39 102
39 104
39 105
39 106
39 107
39 111
39 112
39 113
39 114
39 118
39 119
39 123
39 126
39 130
39 131
39 132
39 134
39 136
39 137
39 141
39 145
39 146
39 147
39 150
39 151
39 153
39 154
39 155
39 156
39 158
39 159
39 161
39 162
39 164
39 166
39 167
39 169
39 170
39 174
39 176
39 180
39 181
39 184
39 186
39 188
39 191
39 193
39 196
39 197
39 199
39 203
39 205
39 208
39 209
39 210
39 211
39 212
39 213
39 214
39 215
39 221
39 223
39 224
39 229
39 230
39 233
39 234
39 236
39 237
39 238
39 239
39 242
39 247
39 248
40 51
40 53
40 54
40 61
40 63
40 64
40 65
40 66
40 67
40 68
40 69
40 70
40 72
40 74
40 79
40 80
40 81
40 82
40 86
40 87
40 89
40 90
40 91
40 93
40 94
40 95
40 97
40 98
40 99
40 104
40 105
40 106
40 107
40 108
40 112
40 113
40 114
40 117
40 118
40 120
40 121
40 122
40 123
40 126
40 128
40 129
40 131
40 132
40 136
40 137
40 138
40 139
40 140
40 141
40 142
40 144
40 148
40 149
40 151
40 156
40 159
40 160
40 161
40 163
40 164
40 166
40 168
40 170
40 171
40 172
40 174
40 177
40 178
40 181
40 182
40 183
40 185
40 187
40 188
40 190
40 192
40 194
40 196
40 197
40 198
40 201
40 204
40 205
40 206
40 207
40 208
40 209
40 212
40 214
40 215
40 216
40 217
40 218
40 219
40 220
40 222
40 223
40 227
40 230
40 233
40 234
40 240
40 243
40 244
40 245
40 246
40 248
40 249
41 51
41 52
41 53
41 54
41 55
41 56
41 61
41 63
41 64
41 70
41 71
41 72
41 73
41 74
41 76
41 79
41 81
41 82
41 86
41 90
41 91
41 96
41 97
41 99
41 100
41 101
41 102
41 105
41 108
41 109
41 115
41 116
41 117
41 120
41 121
41 125
41 126
41 127
41 128
41 130
41 131
41 135
41 138
41 139
41 140
41 143
41 145
41 147
41 149
41 150
41 153
41 155
41 157
41 158
41 159
41 160
41 161
41 164
41 166
41 167
41 170
41 171
41 172
41 179
41 180
41 183
41 184
41 187
41 188
41 189
41 193
41 194
41 195
41 196
41 197
41 200
41 202
41 203
41 204
41 206
41 207
41 208
41 210
41 214
41 217
41 221
41 222
41 224
41 229
41 230
41 232
41 234
41 235
41 237
41 241
41 242
41 243
41 244
41 246
41 247
42 53
42 57
42 59
42 61
42 64
42 69
42 71
42 72
42 74
42 75
42 76
42 78
42 79
42 81
42 84
42 86
42 88
42 89
42 90
42 92
42 94
42 95
42 96
42 99
42 100
42 101
42 103
42 104
42 106
42 116
42 117
42 119
42 121
42 122
42 124
42 130
42 132
42 133
42 138
42 141
42 142
42 147
42 148
42 149
42 150
42 151
42 153
42 158
42 159
42 160
42 163
42 164
42 168
42 169
42 171
42 172
42 173
42 174
42 176
42 177
42 179
42 180
42 181
42 182
42 184
42 186
42 189
42 191
42 192
42 194
42 195
42 196
42 197
42 198
42 200
42 201
42 204
42 207
42 210
42 211
42 213
42 215
42 219
42 225
42 227
42 228
42 230
42 233
42 234
42 235
42 240
42 244
42 247
43 50
43 51
43 56
43 60
43 61
43 63
43 65
43 67
43 68
43 69
43 76
43 79
43 80
43 85
43 86
43 89
43 90
43 91
43 92
43 93
43 95
43 96
43 98
43 101
43 102
43 105
43 107
43 109
43 111
43 113
43 114
43 115
43 116
43 120
43 124
43 125
43 126
43 129
43 131
43 132
43 134
43 135
43 136
43 139
43 140
43 141
43 142
43 144
43 145
43 146
43 148
43 149
43 151
43 152
43 153
43 156
43 157
43 159
43 160
43 161
43 162
43 163
43 167
43 168
43 169
43 171
43 174
43 176
43 178
43 179
43 181
43 182
43 183
43 186
43 187
43 189
43 190
43 192
43 193
43 194
43 195
43 199
43 200
43 203
43 204
43 205
43 206
43 210
43 216
43 217
43 218
43 219
43 223
43 228
43 229
43 230
43 232
43 234
43 235
43 237
43 238
43 240
43 243
43 244
43 245
44 56
44 58
44 60
44 61
44 62
44 63
44 64
44 65
44 66
44 68
44 72
44 73
44 75
44 77
44 79
44 80
44 81
44 82
44 90
44 91
44 92
44 94
44 97
44 99
44 100
44 102
44 103
44 104
44 105
44 106
44 107
44 108
44 109
44 110
44 111
44 112
44 118
44 119
44 121
44 123
44 124
44 125
44 128
44 130
44 135
44 136
44 138
44 139
44 140
44 141
44 142
44 147
44 148
44 150
44 151
44 153
44 155
44 158
44 159
44 161
44 162
44 163
44 164
44 166
44 168
44 169
44 170
44 171
44 174
44 176
44 179
44 182
44 184
44 185
44 186
44 193
44 199
44 201
44 204
44 206
44 208
44 209
44 210
44 212
44 213
44 216
44 221
44 222
44 223
44 224
44 226
44 228
44 230
44 231
44 233
44 234
44 239
44 242
44 246
44 247
44 249
45 53
45 54
45 55
45 56
45 57
45 60
45 61
45 63
45 65
45 67
45 68
45 69
45 70
45 71
45 72
45 73
45 74
45 75
45 76
45 79
45 80
45 81
45 82
45 84
45 85
45 90
45 91
45 92
45 93
45 95
45 96
45 97
45 98
45 99
45 100
45 104
45 105
45 108
45 110
45 112
45 116
45 120
45 121
45 122
45 123
45 129
45 130
45 131
45 136
45 142
45 144
45 146
45 148
45 152
45 153
45 155
45 158
45 160
45 161
45 162
45 163
45 166
45 169
45 172
45 173
45 174
45 175
45 176
45 177
45 180
45 182
45 184
45 185
45 191
45 192
45 193
45 195
45 196
45 197
45 198
45 199
45 201
45 202
45 203
45 205
45 206
45 211
45 214
45 218
45 220
45 224
45 225
45 226
45 228
45 229
45 234
45 238
45 239
45 242
45 245
45 247
45 249
46 51
46 56
46 58
46 59
46 60
46 61
46 64
46 65
46 71
46 73
46 74
46 75
46 77
46 78
46 81
46 85
46 86
46 87
46 96
46 97
46 98
46 100
46 102
46 104
46 105
46 106
46 107
46 110
46 113
46 114
46 121
46 123
46 125
46 128
46 131
46 133
46 136
46 139
46 140
46 142
46 143
46 146
46 147
46 148
46 149
46 150
46 155
46 158
46 165
46 171
46 173
46 176
46 179
46 182
46 186
46 188
46 191
46 193
46 194
46 196
46 198
46 199
46 200
46 201
46 202
46 203
46 205
46 208
46 210
46 211
46 212
46 214
46 218
46 220
46 221
46 223
46 225
46 226
46 228
46 230
46 231
46 237
46 238
46 239
46 242
46 243
46 244
46 245
46 246
46 249
47 51
47 53
47 54
47 56
47 61
47 63
47 64
47 66
47 68
47 69
47 70
47 72
47 74
47 75
47 77
47 78
47 79
47 82
47 83
47 84
47 85
47 86
47 87
47 91
47 94
47 95
47 96
47 98
47 103
47 107
47 108
47 109
47 110
47 111
47 113
47 114
47 115
47 116
47 117
47 120
47 122
47 123
47 126
47 128
47 131
47 132
47 133
47 135
47 141
47 145
47 146
47 148
47 149
47 150
47 153
47 154
47 156
47 158
47 159
47 160
47 161
47 164
47 165
47 166
47 167
47 168
47 169
47 174
47 175
47 176
47 177
47 178
47 181
47 182
47 184
47 186
47 187
47 188
47 189
47 190
47 191
47 193
47 195
47 197
47 199
47 200
47 204
47 207
47 208
47 210
47 211
47 212
47 215
47 216
47 217
47 218
47 219
47 222
47 225
47 227
47 230
47 232
47 233
47 235
47 238
47 239
47 243
47 245
47 246
47 248
48 52
48 57
48 67
48 74
48 75
48 76
48 78
48 80
48 81
48 83
48 84
48 85
48 86
48 88
48 92
48 93
48 96
48 97
48 99
48 101
48 102
48 105
48 107
48 110
48 111
48 112
48 113
48 115
48 116
48 118
48 119
48 120
48 123
48 124
48 125
48 126
48 128
48 133
48 134
48 136
48 137
48 139
48 140
48 142
48 143
48 146
48 147
48 149
48 150
48 151
48 153
48 155
48 156
48 157
48 159
48 162
48 169
48 171
48 172
48 176
48 178
48 179
48 183
48 186
48 187
48 188
48 190
48 195
48 197
48 198
48 201
48 202
48 203
48 204
48 205
48 206
48 207
48 208
48 209
48 211
48 213
48 215
48 218
48 221
48 222
48 223
48 224
48 226
48 228
48 232
48 233
48 234
48 236
48 238
48 241
48 243
48 244
48 245
48 246
48 249
49 52
49 53
49 56
49 58
49 59
49 62
49 64
49 66
49 67
49 70
49 71
49 74
49 76
49 77
49 81
49 82
49 83
49 85
49 86
49 87
49 89
49 91
49 92
49 95
49 97
49 98
49 99
49 103
49 105
49 107
49 110
49 111
49 112
49 113
49 115
49 116
49 119
49 123
49 126
49 129
49 131
49 136
49 137
49 138
49 143
49 145
49 147
49 148
49 150
49 151
49 152
49 153
49 154
49 156
49 157
49 158
49 159
49 160
49 161
49 162
49 163
49 166
49 167
49 169
49 171
49 172
49 173
49 174
49 177
49 178
49 180
49 181
49 184
49 186
49 188
49 190
49 191
49 192
49 197
49 198
49 201
49 202
49 203
49 204
49 206
49 208
49 210
49 211
49 212
49 213
49 215
49 216
49 217
49 218
49 219
49 221
49 222
49 223
49 224
49 231
49 232
49 234
49 235
49 236
49 237
49 239
49 242
49 243
49 244
49 247
49 248
49 249
50 101
50 107
50 113
50 114
50 116
50 120
50 122
50 123
50 125
50 127
50 128
50 129
50 130
50 131
50 132
50 133
50 136
50 137
50 140
50 142
50 144
50 146
50 147
50 148
50 149
50 152
50 154
50 156
50 157
50 160
50 165
50 166
50 167
50 168
50 170
50 173
50 174
50 176
50 179
50 185
50 186
50 190
50 194
50 195
50 199
50 202
50 206
50 208
50 210
50 213
50 215
50 216
50 220
50 221
50 222
50 223
50 224
50 225
50 228
50 235
50 236
50 237
50 241
50 242
50 244
50 246
50 249
51 101
51 104
51 106
51 107
51 108
51 109
51 110
51 111
51 112
51 114
51 115
51 117
51 119
51 121
51 122
51 124
51 125
51 126
51 128
51 129
51 133
51 134
51 136
51 137
51 139
51 140
51 141
51 143
51 146
51 149
51 150
51 151
51 152
51 154
51 155
51 158
51 159
51 161
51 162
51 163
51 164
51 166
51 168
51 170
51 171
51 173
51 174
51 176
51 178
51 180
51 181
51 183
51 185
51 186
51 187
51 188
51 189
51 190
51 192
51 195
51 196
51 198
51 200
51 202
51 203
51 205
51 208
51 212
51 216
51 218
51 220
51 224
51 231
51 233
51 235
51 236
51 237
51 239
51 241
51 242
51 245
51 246
51 249
52 100
52 103
52 104
52 107
52 110
52 111
52 112
52 113
52 114
52 116
52 121
52 127
52 128
52 129
52 132
52 135
52 136
52 140
52 141
52 142
52 143
52 144
52 146
52 147
52 151
52 152
52 153
52 154
52 156
52 157
52 158
52 160
52 162
52 163
52 165
52 166
52 168
52 169
52 170
52 172
52 173
52 174
52 176
52 179
52 180
52 182
52 183
52 186
52 189
52 190
52 191
52 192
52 196
52 199
52 200
52 204
52 205
52 208
52 215
52 216
52 217
52 219
52 220
52 221
52 222
52 223
52 225
52 226
52 227
52 228
52 229
52 230
52 231
52 233
52 234
52 235
52 238
52 240
52 243
52 245
53 101
53 103
53 104
53 105
53 106
53 107
53 109
53 110
53 113
53 116
53 120
53 122
53 124
53 126
53 128
53 129
53 130
53 133
53 136
53 137
53 138
53 141
53 142
53 143
53 150
53 151
53 153
53 161
53 162
53 164
53 165
53 167
53 168
53 170
53 171
53 172
53 173
53 175
53 177
53 179
53 180
53 186
53 187
53 188
53 190
53 191
53 192
53 195
53 197
53 201
53 203
53 205
53 206
53 210
53 211
53 213
53 215
53 218
53 221
53 223
53 224
53 225
53 227
53 228
53 230
53 234
53 238
53 240
53 241
53 243
53 245
53 246
53 247
54 100
54 101
54 102
54 106
54 108
54 109
54 111
54 112
54 113
54 114
54 120
54 121
54 122
54 124
54 128
54 129
54 132
54 133
54 134
54 136
54 137
54 140
54 142
54 144
54 147
54 148
54 149
54 150
54 152
54 154
54 157
54 159
54 162
54 163
54 164
54 168
54 169
54 170
54 171
54 172
54 173
54 175
54 176
54 180
54 181
54 184
54 187
54 191
54 192
54 193
54 194
54 195
54 196
54 198
54 201
54 203
54 204
54 205
54 207
54 210
54 211
54 214
54 215
54 216
54 217
54 218
54 219
54 221
54 223
54 225
54 226
54 227
54 231
54 232
54 240
54 244
54 246
54 248
55 100
55 104
55 105
55 107
55 108
55 110
55 111
55 112
55 115
55 117
55 118
55 121
55 122
55 123
55 124
55 127
55 130
55 132
55 133
55 134
55 136
55 137
55 139
55 142
55 143
55 146
55 149
55 150
55 152
55 153
55 154
55 156
55 158
55 159
55 160
55 161
55 164
55 165
55 166
55 167
55 168
55 170
55 174
55 175
55 176
55 185
55 186
55 187
55 188
55 189
55 190
55 191
55 193
55 194
55 195
55 196
55 197
55 198
55 201
55 203
55 205
55 206
55 208
55 210
55 213
55 215
55 216
55 219
55 220
55 221
55 222
55 223
55 226
55 228
55 229
55 231
55 236
55 238
55 243
55 245
55 246
55 248
56 103
56 105
56 106
56 107
56 109
56 111
56 112
56 113
56 115
56 117
56 118
56 119
56 122
56 125
56 128
56 132
56 133
56 134
56 136
56 137
56 139
56 140
56 142
56 144
56 145
56 146
56 149
56 155
56 156
56 157
56 160
56 164
56 168
56 170
56 171
56 172
56 175
56 176
56 178
56 179
56 180
56 182
56 183
56 184
56 185
56 186
56 187
56 188
56 190
56 191
56 192
56 193
56 194
56 196
56 200
56 203
56 204
56 205
56 206
56 207
56 208
56 209
56 212
56 214
56 215
56 217
56 218
56 221
56 223
56 225
56 226
56 228
56 229
56 230
56 231
56 232
56 233
56 236
56 239
56 245
57 101
57 104
57 105
57 106
57 113
57 116
57 119
57 120
57 122
57 123
57 125
57 127
57 128
57 132
57 134
57 135
57 137
57 138
57 140
57 142
57 143
57 144
57 147
57 149
57 150
57 151
57 152
57 153
57 154
57 156
57 158
57 159
57 160
57 161
57 163
57 164
57 166
57 167
57 168
57 171
57 173
57 174
57 175
57 176
57 177
57 180
57 182
57 183
57 184
57 186
57 188
57 189
57 191
57 192
57 195
57 198
57 199
57 200
57 204
57 206
57 207
57 210
57 212
57 215
57 216
57 217
57 218
57 219
57 220
57 221
57 222
57 226
57 227
57 228
57 229
57 232
57 234
57 236
57 237
57 238
57 241
57 243
57 244
57 245
57 248
57 249
58 100
58 102
58 106
58 108
58 109
58 110
58 112
58 115
58 118
58 125
58 127
58 128
58 130
58 132
58 133
58 138
58 139
58 141
58 142
58 143
58 144
58 147
58 149
58 150
58 151
58 155
58 159
58 161
58 162
58 163
58 168
58 169
58 174
58 175
58 177
58 178
58 181
58 182
58 183
58 184
58 185
58 187
58 188
58 189
58 190
58 194
58 197
58 198
58 199
58 203
58 204
58 205
58 206
58 209
58 213
58 214
58 218
58 219
58 220
58 223
58 224
58 228
58 229
58 230
58 231
58 233
58 235
58 236
58 238
58 240
58 242
58 243
58 246
58 249
59 100
59 107
59 109
59 111
59 114
59 115
59 120
59 121
59 123
59 124
59 125
59 126
59 127
59 128
59 130
59 131
59 132
59 133
59 136
59 137
59 139
59 140
59 141
59 149
59 153
59 156
59 157
59 158
59 162
59 164
59 166
59 167
59 173
59 175
59 176
59 178
59 183
59 184
59 186
59 187
59 188
59 189
59 193
59 194
59 196
59 197
59 198
59 201
59 202
59 204
59 205
59 208
59 210
59 211
59 214
59 216
59 217
59 218
59 220
59 224
59 226
59 228
59 230
59 236
59 238
59 239
59 240
59 243
59 244
59 245
59 246
59 247
59 249
60 101
60 102
60 103
60 105
60 106
60 108
60 109
60 116
60 118
60 119
60 120
60 121
60 126
60 127
60 128
60 129
60 130
60 131
60 133
60 134
60 136
60 142
60 144
60 147
60 148
60 155
60 156
60 157
60 163
60 164
60 165
60 168
60 169
60 172
60 174
60 179
60 182
60 186
60 188
60 189
60 190
60 195
60 197
60 200
60 203
60 207
60 210
60 211
60 212
60 215
60 219
60 221
60 222
60 224
60 227
60 228
60 229
60 232
60 233
60 234
60 235
60 236
60 237
60 238
60 239
60 242
60 243
60 247
61 102
61 103
61 104
61 107
61 108
61 109
61 110
61 113
61 114
61 117
61 118
61 122
61 123
61 124
61 125
61 126
61 127
61 134
61 135
61 140
61 142
61 143
61 144
61 145
61 146
61 150
61 151
61 152
61 154
61 156
61 159
61 161
61 163
61 167
61 172
61 176
61 177
61 178
61 179
61 181
61 185
61 190
61 194
61 196
61 199
61 200
61 201
61 202
61 205
61 206
61 208
61 209
61 211
61 215
61 217
61 218
61 220
61 222
61 224
61 226
61 227
61 230
61 234
61 235
61 236
61 238
61 239
61 240
61 243
61 245
61 247
61 248
62 101
62 102
62 104
62 105
62 106
62 107
62 108
62 109
62 111
62 112
62 114
62 115
62 117
62 118
62 119
62 124
62 125
62 127
62 130
62 133
62 135
62 136
62 137
62 139
62 140
62 141
62 144
62 146
62 147
62 149
62 150
62 153
62 158
62 160
62 161
62 164
62 166
62 168
62 169
62 170
62 172
62 174
62 176
62 177
62 179
62 180
62 183
62 184
62 187
62 191
62 192
62 193
62 198
62 200
62 203
62 204
62 205
62 210
62 211
62 214
62 215
62 216
62 217
62 218
62 224
62 225
62 227
62 228
62 231
62 232
62 235
62 237
62 239
62 240
62 241
62 246
63 102
63 107
63 108
63 111
63 112
63 113
63 114
63 115
63 116
63 120
63 121
63 122
63 125
63 129
63 130
63 131
63 133
63 134
63 138
63 140
63 141
63 142
63 143
63 144
63 145
63 147
63 148
63 150
63 151
63 152
63 154
63 156
63 157
63 159
63 164
63 168
63 170
63 172
63 173
63 174
63 175
63 179
63 180
63 183
63 187
63 188
63 189
63 190
63 192
63 193
63 194
63 196
63 201
63 203
63 204
63 205
63 207
63 208
63 209
63 212
63 217
63 221
63 222
63 223
63 224
63 226
63 227
63 228
63 229
63 234
63 236
63 238
63 239
63 240
63 241
63 242
63 244
63 247
64 100
64 102
64 103
64 104
64 105
64 106
64 108
64 110
64 111
64 112
64 113
64 114
64 115
64 117
64 120
64 121
64 123
64 124
64 125
64 127
64 132
64 134
64 135
64 136
64 139
64 140
64 142
64 143
64 146
64 151
64 155
64 156
64 160
64 164
64 165
64 166
64 167
64 168
64 169
64 171
64 172
64 175
64 179
64 180
64 185
64 187
64 188
64 189
64 190
64 191
64 194
64 195
64 196
64 197
64 198
64 199
64 203
64 208
64 209
64 210
64 211
64 214
64 215
64 216
64 218
64 222
64 224
64 227
64 228
64 233
64 234
64 236
64 237
64 239
64 240
64 241
64 245
65 103
65 107
65 108
65 109
65 112
65 114
65 115
65 118
65 119
65 122
65 123
65 124
65 128
65 129
65 130
65 135
65 139
65 146
65 147
65 149
65 150
65 151
65 152
65 154
65 157
65 158
65 159
65 163
65 164
65 165
65 166
65 170
65 171
65 172
65 173
65 176
65 177
65 179
65 187
65 188
65 189
65 191
65 192
65 193
65 194
65 195
65 196
65 199
65 200
65 204
65 205
65 206
65 207
65 212
65 213
65 214
65 218
65 221
65 223
65 224
65 228
65 229
65 230
65 232
65 233
65 239
65 241
65 242
65 243
65 244
65 249
66 100
66 101
66 102
66 105
66 106
66 107
66 108
66 112
66 114
66 115
66 118
66 122
66 128
66 131
66 132
66 133
66 134
66 135
66 136
66 137
66 139
66 140
66 142
66 144
66 146
66 147
66 149
66 150
66 152
66 157
66 158
66 160
66 161
66 162
66 163
66 164
66 165
66 168
66 169
66 170
66 174
66 175
66 179
66 181
66 182
66 183
66 186
66 188
66 190
66 191
66 193
66 194
66 197
66 198
66 199
66 201
66 202
66 204
66 206
66 208
66 210
66 213
66 215
66 218
66 219
66 221
66 222
66 224
66 225
66 226
66 229
66 232
66 233
66 236
66 237
66 238
66 240
66 242
66 243
66 245
66 246
66 248
66 249
67 100
67 101
67 103
67 109
67 112
67 116
67 117
67 120
67 126
67 127
67 128
67 129
67 132
67 136
67 137
67 138
67 141
67 142
67 143
67 144
67 145
67 146
67 148
67 152
67 153
67 155
67 157
67 161
67 164
67 165
67 167
67 169
67 170
67 171
67 174
67 175
67 176
67 177
67 179
67 180
67 181
67 182
67 184
67 186
67 192
67 193
67 194
67 195
67 197
67 198
67 201
67 204
67 206
67 207
67 209
67 211
67 212
67 218
67 221
67 222
67 223
67 224
67 225
67 227
67 228
67 229
67 230
67 231
67 232
67 235
67 237
67 242
67 245
67 246
67 247
67 249
68 100
68 101
68 103
68 105
68 107
68 110
68 111
68 115
68 116
68 117
68 118
68 120
68 123
68 124
68 133
68 134
68 135
68 137
68 138
68 139
68 141
68 143
68 145
68 146
68 148
68 150
68 152
68 154
68 155
68 158
68 159
68 166
68 171
68 174
68 175
68 176
68 177
68 179
68 180
68 182
68 186
68 187
68 188
68 190
68 193
68 194
68 195
68 196
68 198
68 199
68 200
68 201
68 205
68 209
68 211
68 212
68 213
68 215
68 218
68 219
68 220
68 222
68 223
68 224
68 225
68 227
68 228
68 231
68 233
68 235
68 243
68 244
68 246
69 101
69 106
69 107
69 109
69 110
69 111
69 112
69 114
69 117
69 119
69 122
69 126
69 127
69 128
69 131
69 132
69 135
69 136
69 141
69 144
69 146
69 147
69 149
69 150
69 153
69 155
69 159
69 160
69 161
69 162
69 163
69 164
69 165
69 170
69 172
69 174
69 175
69 178
69 181
69 183
69 184
69 185
69 187
69 188
69 190
69 191
69 195
69 198
69 199
69 200
69 202
69 204
69 210
69 211
69 215
69 216
69 217
69 219
69 222
69 223
69 228
69 230
69 235
69 237
69 240
69 243
69 245
69 247
69 248
69 249
70 100
70 103
70 105
70 112
70 113
70 121
70 122
70 124
70 125
70 127
70 128
70 131
70 133
70 136
70 137
70 138
70 145
70 146
70 147
70 148
70 149
70 151
70 153
70 154
70 159
70 164
70 166
70 168
70 170
70 176
70 180
70 181
70 182
70 184
70 185
70 188
70 189
70 190
70 194
70 195
70 196
70 198
70 199
70 200
70 203
70 204
70 205
70 206
70 208
70 210
70 217
70 222
70 223
70 225
70 226
70 227
70 231
70 232
70 234
70 235
70 240
70 241
70 248
70 249
71 102
71 103
71 105
71 106
71 108
71 110
71 111
71 115
71 117
71 118
71 120
71 124
71 126
71 132
71 134
71 136
71 138
71 142
71 143
71 144
71 145
71 146
71 152
71 154
71 156
71 157
71 159
71 160
71 162
71 166
71 169
71 171
71 176
71 177
71 178
71 179
71 180
71 181
71 185
71 186
71 191
71 194
71 196
71 198
71 201
71 202
71 205
71 207
71 211
71 213
71 217
71 223
71 226
71 227
71 228
71 229
71 231
71 232
71 233
71 235
71 236
71 238
71 239
71 244
71 245
71 247
71 248
72 101
72 102
72 104
72 105
72 106
72 108
72 109
72 110
72 111
72 112
72 113
72 115
72 117
72 121
72 124
72 127
72 129
72 131
72 135
72 137
72 142
72 143
72 144
72 145
72 148
72 150
72 151
72 153
72 158
72 159
72 160
72 161
72 164
72 165
72 167
72 169
72 170
72 171
72 173
72 175
72 176
72 177
72 179
72 181
72 182
72 186
72 187
72 189
72 190
72 192
72 193
72 194
72 195
72 197
72 204
72 205
72 206
72 208
72 214
72 216
72 219
72 220
72 222
72 225
72 226
72 227
72 231
72 233
72 234
72 237
72 241
72 242
72 248
73 101
73 103
73 108
73 109
73 110
73 111
73 112
73 113
73 114
73 115
73 117
73 121
73 122
73 123
73 124
73 127
73 132
73 136
73 137
73 139
73 143
73 144
73 145
73 151
73 153
73 154
73 155
73 156
73 157
73 158
73 159
73 161
73 162
73 163
73 164
73 166
73 170
73 172
73 175
73 176
73 178
73 181
73 182
73 184
73 187
73 188
73 193
73 194
73 196
73 198
73 199
73 201
73 205
73 208
73 211
73 212
73 217
73 218
73 222
73 223
73 224
73 225
73 226
73 227
73 230
73 231
73 234
73 236
73 239
73 245
73 246
73 247
73 248
73 249
74 102
74 106
74 108
74 109
74 113
74 114
74 115
74 120
74 121
74 123
74 130
74 131
74 132
74 135
74 142
74 147
74 149
74 151
74 153
74 154
74 156
74 157
74 159
74 161
74 162
74 165
74 170
74 171
74 172
74 175
74 176
74 180
74 183
74 184
74 185
74 186
74 189
74 194
74 195
74 196
74 197
74 200
74 202
74 205
74 207
74 208
74 210
74 211
74 215
74 219
74 221
74 222
74 223
74 224
74 230
74 232
74 235
74 237
74 239
74 240
74 245
74 246
74 248
74 249
75 101
75 102
75 104
75 105
75 106
75 107
75 108
75 109
75 111
75 112
75 113
75 115
75 120
75 122
75 124
75 125
75 127
75 130
75 131
75 134
75 139
75 140
75 141
75 145
75 148
75 150
75 151
75 152
75 154
75 156
75 158
75 160
75 162
75 163
75 170
75 171
75 172
75 174
75 179
75 180
75 181
75 183
75 185
75 187
75 190
75 191
75 193
75 195
75 196
75 197
75 200
75 204
75 207
75 210
75 212
75 216
75 217
75 218
75 219
75 221
75 223
75 224
75 225
75 227
75 233
75 234
75 236
75 238
75 240
75 241
75 243
75 245
75 249
76 101
76 102
76 104
76 105
76 107
76 110
76 111
76 112
76 113
76 117
76 120
76 121
76 122
76 123
76 124
76 125
76 126
76 132
76 133
76 134
76 136
76 138
76 139
76 141
76 142
76 143
76 144
76 145
76 148
76 149
76 151
76 155
76 159
76 161
76 162
76 163
76 164
76 165
76 166
76 168
76 171
76 172
76 177
76 179
76 180
76 183
76 184
76 185
76 187
76 188
76 190
76 192
76 193
76 194
76 195
76 197
76 205
76 206
76 207
76 208
76 209
76 216
76 217
76 219
76 220
76 221
76 224
76 227
76 228
76 230
76 231
76 233
76 234
76 237
76 238
76 240
76 242
76 248
77 100
77 102
77 103
77 104
77 105
77 107
77 108
77 111
77 113
77 114
77 116
77 117
77 120
77 124
77 125
77 128
77 135
77 136
77 138
77 140
77 143
77 145
77 147
77 149
77 151
77 153
77 155
77 156
77 158
77 159
77 162
77 163
77 164
77 166
77 167
77 170
77 171
77 175
77 178
77 179
77 180
77 183
77 187
77 189
77 190
77 191
77 193
77 194
77 195
77 196
77 200
77 203
77 205
77 206
77 209
77 211
77 213
77 214
77 215
77 219
77 220
77 221
77 222
77 224
77 226
77 227
77 230
77 232
77 234
77 240
77 242
77 245
77 248
78 100
78 101
78 102
78 104
78 106
78 108
78 112
78 113
78 114
78 115
78 116
78 117
78 118
78 119
78 120
78 121
78 123
78 125
78 126
78 130
78 132
78 136
78 137
78 138
78 139
78 141
78 144
78 149
78 150
78 152
78 157
78 159
78 162
78 165
78 166
78 168
78 169
78 170
78 172
78 173
78 175
78 181
78 182
78 183
78 185
78 187
78 189
78 191
78 195
78 200
78 203
78 206
78 207
78 208
78 209
78 214
78 216
78 218
78 220
78 233
78 235
78 238
78 240
78 241
78 243
78 245
78 246
78 247
79 100
79 101
79 102
79 103
79 106
79 112
79 113
79 116
79 117
79 118
79 119
79 120
79 122
79 124
79 126
79 128
79 131
79 135
79 136
79 138
79 140
79 141
79 142
79 148
79 152
79 156
79 157
79 158
79 159
79 160
79 161
79 162
79 163
79 164
79 167
79 168
79 169
79 170
79 172
79 174
79 175
79 177
79 178
79 180
79 181
79 185
79 186
79 189
79 190
79 191
79 194
79 195
79 197
79 199
79 201
79 204
79 205
79 207
79 208
79 209
79 216
79 217
79 218
79 225
79 228
79 229
79 230
79 231
79 234
79 237
79 238
79 239
79 242
79 244
79 246
79 247
79 248
80 100
80 102
80 103
80 104
80 105
80 107
80 113
80 114
80 115
80 118
80 119
80 123
80 125
80 128
80 129
80 131
80 133
80 134
80 135
80 137
80 139
80 142
80 143
80 144
80 146
80 150
80 151
80 152
80 153
80 154
80 155
80 156
80 159
80 160
80 162
80 163
80 164
80 165
80 168
80 169
80 170
80 171
80 173
80 177
80 179
80 181
80 182
80 184
80 186
80 187
80 188
80 190
80 192
80 193
80 194
80 195
80 198
80 200
80 205
80 206
80 207
80 208
80 210
80 212
80 213
80 216
80 217
80 219
80 228
80 229
80 230
80 233
80 234
80 236
80 237
80 239
80 240
80 241
80 243
80 244
80 245
80 246
80 248
81 101
81 105
81 107
81 109
81 110
81 111
81 114
81 115
81 117
81 118
81 128
81 130
81 131
81 134
81 138
81 140
81 141
81 142
81 145
81 146
81 147
81 148
81 152
81 153
81 155
81 157
81 158
81 159
81 162
81 163
81 164
81 167
81 168
81 171
81 172
81 173
81 174
81 178
81 179
81 181
81 182
81 184
81 185
81 186
81 189
81 190
81 191
81 193
81 195
81 196
81 202
81 205
81 206
81 211
81 216
81 218
81 219
81 220
81 221
81 222
81 223
81 224
81 226
81 227
81 228
81 230
81 231
81 233
81 234
81 235
81 236
81 238
81 241
81 247
81 249
82 101
82 103
82 104
82 105
82 107
82 113
82 115
82 116
82 117
82 118
82 120
82 124
82 128
82 129
82 130
82 133
82 134
82 135
82 136
82 137
82 138
82 140
82 142
82 145
82 146
82 147
82 149
82 150
82 151
82 153
82 154
82 155
82 157
82 158
82 160
82 161
82 162
82 163
82 165
82 167
82 171
82 172
82 173
82 174
82 176
82 177
82 180
82 181
82 182
82 183
82 184
82 186
82 187
82 189
82 194
82 195
82 196
82 197
82 199
82 201
82 204
82 206
82 208
82 209
82 211
82 214
82 216
82 217
82 219
82 222
82 223
82 224
82 229
82 233
82 235
82 236
82 237
82 238
82 242
82 243
82 245
82 246
82 247
82 248
82 249
83 101
83 103
83 104
83 105
83 109
83 111
83 114
83 117
83 119
83 121
83 123
83 124
83 125
83 126
83 127
83 129
83 135
83 136
83 137
83 139
83 140
83 141
83 144
83 145
83 147
83 148
83 149
83 150
83 151
83 153
83 154
83 156
83 159
83 160
83 162
83 163
83 165
83 172
83 173
83 174
83 177
83 178
83 179
83 181
83 182
83 183
83 184
83 185
83 188
83 191
83 192
83 193
83 195
83 197
83 198
83 202
83 203
83 205
83 206
83 209
83 211
83 214
83 215
83 218
83 223
83 225
83 226
83 230
83 232
83 233
83 234
83 236
83 237
83 238
83 242
83 244
83 246
84 101
84 102
84 103
84 104
84 109
84 110
84 111
84 114
84 115
84 117
84 120
84 121
84 123
84 124
84 126
84 128
84 132
84 134
84 135
84 136
84 138
84 142
84 145
84 146
84 149
84 150
84 151
84 152
84 154
84 156
84 157
84 160
84 161
84 164
84 168
84 169
84 170
84 172
84 174
84 176
84 177
84 178
84 182
84 184
84 188
84 189
84 191
84 194
84 195
84 197
84 201
84 214
84 215
84 216
84 220
84 222
84 230
84 231
84 234
84 236
84 239
84 240
84 243
84 244
84 245
84 246
84 249
85 101
85 105
85 106
85 107
85 109
85 110
85 111
85 112
85 115
85 116
85 117
85 118
85 123
85 128
85 130
85 131
85 133
85 135
85 136
85 138
85 141
85 144
85 146
85 147
85 148
85 149
85 152
85 156
85 157
85 158
85 160
85 161
85 162
85 163
85 164
85 165
85 167
85 169
85 170
85 175
85 176
85 177
85 181
85 184
85 186
85 188
85 190
85 191
85 192
85 195
85 196
85 197
85 198
85 199
85 200
85 201
85 204
85 206
85 217
85 218
85 219
85 222
85 224
85 227
85 228
85 230
85 231
85 232
85 234
85 237
85 238
85 239
85 241
85 242
85 243
85 244
85 245
85 248
85 249
86 101
86 102
86 103
86 104
86 105
86 106
86 110
86 112
86 113
86 115
86 116
86 119
86 120
86 123
86 124
86 125
86 126
86 134
86 136
86 138
86 143
86 144
86 146
86 150
86 151
86 153
86 154
86 156
86 158
86 159
86 162
86 163
86 164
86 165
86 173
86 174
86 175
86 176
86 177
86 178
86 179
86 182
86 183
86 184
86 185
86 191
86 192
86 196
86 197
86 199
86 200
86 202
86 205
86 206
86 209
86 210
86 211
86 212
86 214
86 216
86 217
86 218
86 221
86 225
86 227
86 230
86 231
86 234
86 235
86 237
86 238
86 240
86 243
86 246
86 248
86 249
87 101
87 102
87 103
87 105
87 107
87 108
87 110
87 111
87 112
87 113
87 118
87 121
87 123
87 125
87 126
87 128
87 129
87 130
87 133
87 138
87 139
87 142
87 144
87 149
87 150
87 152
87 153
87 155
87 158
87 159
87 160
87 164
87 166
87 167
87 168
87 169
87 170
87 171
87 173
87 176
87 178
87 181
87 182
87 183
87 187
87 193
87 194
87 195
87 196
87 198
87 199
87 200
87 201
87 202
87 203
87 205
87 206
87 207
87 208
87 209
87 210
87 213
87 214
87 216
87 217
87 218
87 220
87 221
87 222
87 223
87 224
87 226
87 227
87 230
87 232
87 234
87 235
87 239
87 243
87 244
87 246
88 100
88 101
88 102
88 103
88 105
88 107
88 108
88 109
88 113
88 114
88 116
88 117
88 118
88 119
88 121
88 124
88 127
88 131
88 132
88 136
88 139
88 141
88 146
88 148
88 149
88 151
88 152
88 153
88 154
88 155
88 159
88 160
88 168
88 169
88 170
88 172
88 173
88 178
88 180
88 181
88 185
88 187
88 188
88 190
88 191
88 194
88 195
88 196
88 202
88 203
88 204
88 206
88 211
88 212
88 213
88 214
88 215
88 219
88 220
88 221
88 223
88 224
88 225
88 227
88 228
88 233
88 234
88 237
88 238
88 240
88 242
88 244
88 246
89 100
89 101
89 106
89 107
89 110
89 111
89 112
89 117
89 121
89 122
89 124
89 125
89 126
89 127
89 128
89 129
89 130
89 131
89 132
89 135
89 136
89 137
89 139
89 140
89 141
89 145
89 146
89 148
89 149
89 150
89 152
89 153
89 156
89 157
89 158
89 159
89 163
89 164
89 167
89 168
89 170
89 173
89 174
89 175
89 176
89 177
89 178
89 180
89 182
89 183
89 184
89 186
89 188
89 190
89 191
89 195
89 196
89 198
89 199
89 201
89 202
89 204
89 206
89 207
89 208
89 210
89 214
89 215
89 216
89 218
89 219
89 221
89 222
89 225
89 228
89 231
89 234
89 235
89 236
89 240
89 241
89 243
89 244
89 245
90 101
90 102
90 103
90 105
90 107
90 108
90 114
90 115
90 118
90 120
90 123
90 128
90 129
90 131
90 133
90 134
90 135
90 138
90 141
90 142
90 144
90 145
90 151
90 156
90 161
90 162
90 170
90 172
90 175
90 176
90 182
90 183
90 185
90 191
90 192
90 193
90 195
90 199
90 200
90 203
90 205
90 206
90 209
90 210
90 211
90 213
90 216
90 217
90 218
90 219
90 224
90 227
90 228
90 229
90 230
90 231
90 232
90 233
90 236
90 237
90 242
90 243
90 244
90 247
90 249
91 100
91 101
91 103
91 104
91 105
91 108
91 110
91 113
91 114
91 115
91 121
91 122
91 123
91 126
91 128
91 129
91 131
91 133
91 136
91 137
91 139
91 140
91 141
91 142
91 143
91 144
91 147
91 148
91 154
91 155
91 158
91 159
91 160
91 161
91 163
91 164
91 165
91 170
91 172
91 177
91 179
91 183
91 185
91 188
91 190
91 191
91 194
91 195
91 196
91 198
91 202
91 203
91 204
91 206
91 207
91 209
91 211
91 212
91 222
91 224
91 226
91 229
91 231
91 237
91 238
91 240
91 241
91 245
91 247
91 249
92 101
92 102
92 103
92 104
92 112
92 113
92 117
92 118
92 120
92 121
92 123
92 124
92 127
92 128
92 137
92 139
92 140
92 141
92 142
92 143
92 146
92 147
92 148
92 150
92 152
92 153
92 154
92 155
92 156
92 157
92 158
92 159
92 163
92 164
92 165
92 166
92 167
92 168
92 169
92 170
92 173
92 176
92 179
92 181
92 183
92 186
92 188
92 189
92 191
92 192
92 193
92 197
92 200
92 201
92 202
92 203
92 206
92 208
92 209
92 212
92 216
92 217
92 218
92 220
92 221
92 224
92 225
92 227
92 229
92 231
92 233
92 234
92 236
92 237
92 238
92 239
92 240
92 241
92 245
92 246
92 247
93 102
93 103
93 104
93 107
93 108
93 109
93 113
93 114
93 115
93 117
93 119
93 123
93 125
93 127
93 128
93 129
93 130
93 133
93 135
93 136
93 137
93 143
93 144
93 145
93 147
93 148
93 149
93 150
93 154
93 156
93 157
93 158
93 161
93 164
93 165
93 166
93 167
93 170
93 171
93 172
93 173
93 175
93 178
93 182
93 187
93 188
93 189
93 191
93 192
93 193
93 195
93 197
93 199
93 203
93 207
93 208
93 211
93 212
93 213
93 214
93 215
93 216
93 219
93 220
93 221
93 222
93 224
93 228
93 231
93 232
93 233
93 236
93 238
93 240
93 241
93 242
93 244
93 245
93 246
93 249
94 100
94 101
94 102
94 104
94 105
94 106
94 107
94 108
94 110
94 111
94 113
94 115
94 116
94 117
94 121
94 122
94 126
94 127
94 130
94 132
94 134
94 136
94 138
94 140
94 143
94 144
94 145
94 146
94 147
94 148
94 149
94 157
94 158
94 160
94 163
94 165
94 167
94 168
94 172
94 174
94 175
94 176
94 177
94 178
94 180
94 184
94 185
94 186
94 187
94 188
94 189
94 191
94 193
94 196
94 197
94 198
94 206
94 207
94 212
94 215
94 219
94 223
94 224
94 227
94 228
94 234
94 237
94 238
94 242
94 243
95 102
95 103
95 106
95 108
95 112
95 113
95 114
95 117
95 119
95 120
95 121
95 122
95 124
95 127
95 128
95 129
95 133
95 137
95 139
95 141
95 143
95 145
95 146
95 147
95 148
95 149
95 150
95 151
95 155
95 156
95 157
95 162
95 164
95 166
95 168
95 169
95 170
95 173
95 174
95 175
95 178
95 180
95 181
95 187
95 188
95 190
95 192
95 193
95 195
95 196
95 198
95 200
95 201
95 204
95 207
95 211
95 212
95 214
95 216
95 218
95 219
95 220
95 221
95 226
95 227
95 232
95 235
95 238
95 239
95 240
95 242
95 246
95 248
95 249
96 101
96 104
96 108
96 110
96 111
96 115
96 117
96 118
96 119
96 123
96 124
96 127
96 128
96 130
96 131
96 132
96 133
96 134
96 136
96 137
96 138
96 139
96 140
96 143
96 145
96 148
96 149
96 150
96 154
96 157
96 158
96 159
96 161
96 164
96 167
96 168
96 170
96 173
96 174
96 175
96 178
96 179
96 180
96 185
96 186
96 187
96 189
96 190
96 193
96 194
96 195
96 196
96 200
96 201
96 202
96 203
96 204
96 209
96 210
96 211
96 213
96 214
96 216
96 217
96 219
96 220
96 221
96 222
96 223
96 225
96 226
96 227
96 232
96 233
96 240
96 241
96 242
96 243
96 244
96 245
96 246
96 247
96 248
97 100
97 101
97 105
97 106
97 110
97 111
97 113
97 115
97 117
97 119
97 120
97 121
97 122
97 123
97 126
97 129
97 130
97 132
97 133
97 135
97 136
97 137
97 139
97 140
97 141
97 142
97 143
97 147
97 148
97 149
97 153
97 155
97 156
97 157
97 161
97 162
97 164
97 169
97 171
97 175
97 177
97 178
97 180
97 181
97 182
97 183
97 185
97 187
97 188
97 189
97 191
97 193
97 194
97 197
97 199
97 203
97 205
97 209
97 211
97 213
97 214
97 218
97 221
97 222
97 224
97 228
97 232
97 235
97 237
97 238
97 240
97 242
97 244
97 246
97 247
97 248
97 249
98 101
98 102
98 103
98 104
98 105
98 107
98 109
98 110
98 112
98 114
98 115
98 117
98 120
98 121
98 122
98 124
98 127
98 128
98 130
98 132
98 137
98 139
98 143
98 147
98 149
98 155
98 156
98 157
98 158
98 159
98 162
98 165
98 166
98 168
98 173
98 174
98 183
98 186
98 188
98 189
98 192
98 196
98 198
98 199
98 200
98 202
98 207
98 209
98 210
98 212
98 213
98 214
98 215
98 216
98 217
98 219
98 220
98 222
98 225
98 226
98 228
98 231
98 232
98 233
98 235
98 236
98 238
98 239
98 241
98 244
98 247
98 249
99 100
99 101
99 104
99 108
99 109
99 110
99 112
99 113
99 114
99 115
99 116
99 118
99 119
99 120
99 121
99 122
99 124
99 128
99 131
99 135
99 136
99 139
99 140
99 141
99 145
99 146
99 148
99 150
99 153
99 154
99 156
99 157
99 160
99 166
99 167
99 168
99 169
99 172
99 174
99 176
99 177
99 179
99 180
99 181
99 186
99 189
99 190
99 191
99 195
99 196
99 197
99 198
99 199
99 202
99 203
99 206
99 207
99 209
99 220
99 223
99 224
99 225
99 227
99 232
99 233
99 234
99 235
99 236
99 237
99 240
99 241
99 242
99 243
99 245
99 249
100 150
100 151
100 154
100 155
100 160
100 161
100 164
100 165
100 166
100 168
100 169
100 171
100 173
100 175
100 178
100 181
100 182
100 185
100 186
100 188
100 189
100 190
100 192
100 196
100 197
100 199
100 201
100 203
100 204
100 205
100 207
100 208
100 211
100 214
100 216
100 218
100 220
100 221
100 222
100 223
100 224
100 226
100 227
100 228
100 230
100 231
100 232
100 233
100 234
100 235
100 240
100 243
100 245
100 249
101 150
101 154
101 156
101 157
101 162
101 166
101 167
101 168
101 170
101 171
101 173
101 175
101 177
101 180
101 184
101 185
101 186
101 187
101 188
101 193
101 198
101 199
101 201
101 203
101 205
101 206
101 207
101 209
101 211
101 212
101 213
101 215
101 217
101 218
101 220
101 224
101 227
101 230
101 232
101 233
101 234
101 235
101 236
101 237
101 239
101 242
101 244
101 245
101 247
101 248
101 249
102 153
102 154
102 156
102 157
102 160
102 162
102 165
102 167
102 171
102 173
102 176
102 177
102 182
102 184
102 187
102 188
102 191
102 192
102 193
102 194
102 199
102 200
102 203
102 206
102 207
102 208
102 209
102 210
102 212
102 213
102 214
102 216
102 217
102 219
102 222
102 223
102 224
102 225
102 226
102 227
102 232
102 234
102 235
102 236
102 239
102 241
102 243
102 246
102 247
103 150
103 151
103 153
103 154
103 155
103 156
103 158
103 159
103 162
103 165
103 166
103 168
103 170
103 171
103 172
103 173
103 174
103 175
103 176
103 177
103 179
103 180
103 183
103 186
103 188
103 191
103 198
103 199
103 200
103 201
103 207
103 208
103 209
103 211
103 212
103 214
103 215
103 217
103 219
103 222
103 224
103 225
103 226
103 227
103 230
103 232
103 237
103 238
103 242
103 244
103 245
103 248
104 151
104 152
104 153
104 155
104 158
104 159
104 161
104 163
104 165
104 171
104 174
104 177
104 180
104 181
104 184
104 186
104 187
104 188
104 189
104 190
104 191
104 192
104 193
104 196
104 197
104 204
104 206
104 209
104 211
104 212
104 214
104 216
104 219
104 220
104 221
104 223
104 225
104 226
104 227
104 231
104 234
104 235
104 241
104 244
104 246
104 248
104 249
105 150
105 154
105 158
105 160
105 161
105 162
105 164
105 165
105 167
105 170
105 171
105 174
105 175
105 176
105 177
105 181
105 182
105 183
105 184
105 185
105 187
105 189
105 191
105 192
105 194
105 195
105 196
105 198
105 199
105 201
105 203
105 204
105 206
105 207
105 213
105 215
105 219
105 221
105 224
105 226
105 227
105 228
105 229
105 231
105 232
105 233
105 234
105 235
105 237
105 238
105 239
105 242
105 244
105 248
105 249
106 151
106 152
106 155
106 159
106 160
106 162
106 163
106 165
106 167
106 168
106 174
106 175
106 176
106 181
106 182
106 184
106 188
106 190
106 193
106 195
106 198
106 200
106 201
106 202
106 203
106 208
106 209
106 211
106 214
106 216
106 217
106 218
106 220
106 221
106 222
106 223
106 224
106 226
106 227
106 228
106 230
106 233
106 236
106 239
106 241
106 243
106 244
106 245
106 247
106 248
106 249
107 152
107 153
107 155
107 156
107 160
107 161
107 164
107 165
107 168
107 169
107 171
107 176
107 179
107 180
107 182
107 184
107 187
107 189
107 191
107 192
107 193
107 195
107 196
107 197
107 198
107 200
107 201
107 203
107 204
107 210
107 211
107 212
107 218
107 220
107 222
107 223
107 224
107 230
107 231
107 240
107 241
107 249
108 153
108 154
108 156
108 161
108 162
108 164
108 165
108 167
108 170
108 171
108 175
108 176
108 178
108 179
108 184
108 186
108 188
108 189
108 191
108 193
108 194
108 195
108 197
108 201
108 202
108 205
108 206
108 207
108 208
108 209
108 211
108 213
108 216
108 219
108 228
108 229
108 237
108 239
108 240
108 241
108 243
108 244
108 245
108 246
109 151
109 153
109 155
109 157
109 158
109 159
109 161
109 162
109 163
109 165
109 166
109 169
109 171
109 172
109 179
109 181
109 183
109 185
109 186
109 190
109 197
109 198
109 201
109 202
109 203
109 204
109 207
109 208
109 212
109 213
109 216
109 217
109 219
109 222
109 224
109 225
109 230
109 233
109 235
109 236
109 238
109 239
109 240
109 241
109 243
109 245
109 246
109 247
109 248
109 249
110 151
110 153
110 155
110 157
110 159
110 160
110 161
110 166
110 167
110 168
110 173
110 174
110 178
110 184
110 185
110 187
110 188
110 191
110 193
110 195
110 196
110 197
110 199
110 205
110 208
110 210
110 211
110 212
110 213
110 215
110 219
110 220
110 222
110 225
110 226
110 227
110 231
110 233
110 237
110 238
110 239
110 243
110 244
110 245
110 246
110 249
111 151
111 153
111 155
111 157
111 158
111 159
111 160
111 163
111 164
111 166
111 167
111 168
111 170
111 171
111 177
111 178
111 186
111 189
111 190
111 196
111 198
111 199
111 202
111 203
111 206
111 209
111 210
111 211
111 214
111 216
111 221
111 223
111 224
111 228
111 232
111 233
111 235
111 236
111 239
111 242
111 243
111 245
111 247
111 248
111 249
112 152
112 153
112 154
112 155
112 157
112 159
112 160
112 162
112 163
112 166
112 167
112 171
112 173
112 174
112 175
112 177
112 178
112 179
112 182
112 187
112 188
112 189
112 190
112 193
112 194
112 196
112 197
112 198
112 206
112 207
112 209
112 212
112 213
112 214
112 215
112 216
112 218
112 219
112 220
112 223
112 224
112 225
112 228
112 230
112 236
112 238
112 243
112 244
112 247
112 248
112 249
113 152
113 155
113 165
113 168
113 171
113 172
113 174
113 176
113 178
113 182
113 183
113 184
113 186
113 188
113 189
113 190
113 193
113 194
113 197
113 198
113 199
113 200
113 205
113 208
113 209
113 212
113 214
113 216
113 217
113 219
113 220
113 221
113 224
113 235
113 236
113 237
113 240
113 241
113 242
113 243
113 244
113 245
114 152
114 155
114 157
114 160
114 163
114 166
114 167
114 169
114 172
114 173
114 175
114 177
114 178
114 179
114 180
114 185
114 189
114 191
114 193
114 196
114 198
114 204
114 205
114 208
114 211
114 212
114 213
114 217
114 218
114 220
114 221
114 224
114 227
114 229
114 231
114 232
114 233
114 237
114 241
114 244
114 245
114 247
115 151
115 152
115 156
115 157
115 159
115 166
115 167
115 168
115 170
115 171
115 173
115 175
115 178
115 179
115 183
115 186
115 190
115 191
115 192
115 193
115 194
115 195
115 196
115 200
115 201
115 202
115 204
115 205
115 206
115 209
115 213
115 215
115 216
115 218
115 220
115 221
115 222
115 224
115 226
115 234
115 236
115 238
115 240
115 241
115 243
115 244
115 246
115 247
115 248
115 249
116 150
116 153
116 155
116 161
116 162
116 163
116 166
116 168
116 169
116 170
116 171
116 174
116 175
116 176
116 177
116 178
116 179
116 184
116 186
116 187
116 189
116 190
116 191
116 195
116 196
116 197
116 199
116 202
116 203
116 204
116 205
116 206
116 207
116 208
116 209
116 213
116 215
116 216
116 217
116 218
116 219
116 221
116 222
116 223
116 224
116 225
116 227
116 228
116 230
116 231
116 233
116 234
116 236
116 237
116 241
116 242
116 243
116 244
116 248
116 249
117 150
117 151
117 155
117 158
117 159
117 160
117 165
117 166
117 169
117 171
117 173
117 175
117 176
117 178
117 179
117 181
117 182
117 184
117 186
117 189
117 191
117 195
117 196
117 197
117 198
117 199
117 201
117 202
117 203
117 204
117 209
117 210
117 215
117 217
117 218
117 219
117 220
117 223
117 225
117 227
117 228
117 229
117 232
117 234
117 235
117 236
117 238
117 240
117 241
117 242
117 244
117 245
117 246
117 248
117 249
118 152
118 155
118 156
118 157
118 158
118 159
118 162
118 163
118 164
118 165
118 167
118 168
118 169
118 170
118 172
118 173
118 175
118 176
118 179
118 180
118 181
118 186
118 188
118 194
118 199
118 200
118 201
118 205
118 207
118 208
118 213
118 216
118 218
118 219
118 220
118 223
118 226
118 228
118 229
118 230
118 231
118 232
118 233
118 235
118 237
118 238
118 241
118 244
118 245
118 246
118 247
118 248
119 150
119 151
119 155
119 156
119 157
119 159
119 160
119 161
119 165
119 168
119 169
119 170
119 171
119 172
119 174
119 176
119 177
119 180
119 181
119 188
119 189
119 192
119 194
119 197
119 201
119 203
119 204
119 207
119 208
119 209
119 215
119 216
119 217
119 218
119 219
119 220
119 222
119 224
119 225
119 227
119 228
119 230
119 234
119 236
119 237
119 241
119 242
119 244
119 246
119 247
119 249
120 156
120 158
120 160
120 162
120 163
120 168
120 169
120 170
120 171
120 172
120 176
120 177
120 178
120 179
120 180
120 181
120 184
120 189
120 190
120 193
120 194
120 195
120 196
120 200
120 201
120 203
120 207
120 208
120 209
120 211
120 213
120 218
120 219
120 221
120 222
120 223
120 224
120 225
120 226
120 227
120 228
120 231
120 234
120 235
120 236
120 237
120 238
120 240
120 241
120 244
120 246
120 247
121 150
121 153
121 154
121 158
121 162
121 166
121 168
121 169
121 171
121 172
121 173
121 175
121 176
121 177
121 183
121 184
121 185
121 187
121 190
121 192
121 193
121 194
121 195
121 197
121 199
121 203
121 206
121 207
121 210
121 212
121 215
121 216
121 217
121 218
121 219
121 220
121 221
121 222
121 225
121 226
121 231
121 232
121 235
121 237
121 239
121 241
121 244
121 245
121 247
122 156
122 157
122 159
122 160
122 163
122 164
122 165
122 167
122 169
122 170
122 171
122 174
122 177
122 179
122 180
122 182
122 183
122 186
122 187
122 189
122 191
122 192
122 193
122 195
122 198
122 199
122 202
122 207
122 212
122 215
122 217
122 221
122 222
122 223
122 225
122 227
122 232
122 235
122 238
122 239
122 242
122 244
122 246
122 249
123 150
123 151
123 153
123 154
123 155
123 157
123 158
123 160
123 161
123 162
123 163
123 164
123 166
123 168
123 169
123 170
123 172
123 173
123 178
123 179
123 187
123 188
123 190
123 191
123 194
123 195
123 198
123 199
123 201
123 202
123 204
123 209
123 210
123 213
123 215
123 216
123 217
123 218
123 220
123 222
123 224
123 225
123 231
123 232
123 235
123 238
123 240
123 241
123 242
123 244
123 247
123 249
124 153
124 154
124 155
124 157
124 159
124 160
124 163
124 164
124 166
124 168
124 173
124 177
124 179
124 182
124 185
124 187
124 193
124 194
124 195
124 199
124 200
124 201
124 204
124 206
124 208
124 210
124 211
124 214
124 223
124 225
124 228
124 229
124 231
124 234
124 235
124 236
124 237
124 238
124 239
124 242
124 243
124 244
125 150
125 152
125 154
125 158
125 159
125 161
125 162
125 163
125 165
125 167
125 169
125 170
125 172
125 173
125 175
125 176
125 190
125 193
125 194
125 196
125 198
125 201
125 202
125 203
125 204
125 206
125 207
125 208
125 211
125 215
125 216
125 217
125 224
125 225
125 226
125 228
125 230
125 231
125 232
125 233
125 234
125 235
125 236
125 237
125 241
125 244
125 245
125 249
126 150
126 151
126 153
126 154
126 155
126 156
126 159
126 161
126 162
126 163
126 165
126 167
126 169
126 172
126 173
126 175
126 176
126 177
126 178
126 179
126 180
126 181
126 182
126 186
126 188
126 189
126 191
126 193
126 194
126 195
126 196
126 201
126 203
126 212
126 213
126 215
126 218
126 219
126 221
126 224
126 232
126 233
126 234
126 235
126 236
126 237
126 239
126 241
126 242
126 245
126 246
126 248
127 150
127 151
127 153
127 154
127 158
127 162
127 165
127 170
127 173
127 174
127 175
127 176
127 177
127 180
127 181
127 182
127 185
127 191
127 192
127 195
127 197
127 198
127 199
127 200
127 201
127 202
127 203
127 204
127 205
127 208
127 212
127 213
127 214
127 215
127 216
127 217
127 219
127 220
127 222
127 223
127 225
127 228
127 229
127 230
127 232
127 233
127 235
127 240
127 242
127 243
127 244
127 246
127 249
128 151
128 153
128 155
128 157
128 158
128 160
128 162
128 167
128 168
128 171
128 173
128 175
128 179
128 180
128 184
128 186
128 188
128 192
128 193
128 194
128 195
128 198
128 201
128 202
128 203
128 204
128 205
128 206
128 208
128 210
128 212
128 216
128 217
128 220
128 221
128 223
128 226
128 230
128 231
128 233
128 235
128 236
128 237
128 238
128 239
128 241
128 243
128 245
128 246
128 248
128 249
129 150
129 152
129 153
129 155
129 157
129 158
129 159
129 161
129 164
129 169
129 172
129 174
129 176
129 178
129 180
129 181
129 183
129 184
129 188
129 189
129 190
129 191
129 194
129 197
129 198
129 200
129 201
129 204
129 207
129 208
129 209
129 211
129 214
129 215
129 217
129 219
129 220
129 222
129 227
129 232
129 234
129 235
129 237
129 238
129 239
129 240
129 241
129 243
129 244
129 247
130 150
130 151
130 152
130 154
130 156
130 158
130 161
130 163
130 165
130 167
130 168
130 171
130 172
130 175
130 183
130 184
130 185
130 186
130 187
130 189
130 190
130 196
130 197
130 203
130 204
130 205
130 207
130 210
130 211
130 214
130 216
130 218
130 220
130 224
130 225
130 226
130 227
130 228
130 229
130 230
130 231
130 235
130 236
130 237
130 238
130 240
130 242
130 244
130 247
131 150
131 151
131 153
131 154
131 156
131 157
131 161
131 163
131 165
131 166
131 167
131 168
131 169
131 173
131 174
131 176
131 177
131 179
131 183
131 184
131 185
131 188
131 189
131 190
131 191
131 193
131 195
131 197
131 198
131 199
131 200
131 201
131 202
131 205
131 210
131 215
131 217
131 219
131 221
131 224
131 230
131 232
131 236
131 238
131 239
131 240
131 241
131 242
131 243
131 245
131 246
131 247
131 249
132 150
132 153
132 154
132 155
132 158
132 159
132 162
132 164
132 165
132 167
132 169
132 171
132 172
132 173
132 174
132 181
132 182
132 185
132 188
132 189
132 191
132 193
132 195
132 196
132 197
132 198
132 200
132 201
132 202
132 205
132 206
132 207
132 208
132 218
132 222
132 224
132 226
132 231
132 233
132 234
132 235
132 237
132 238
132 240
132 241
132 242
132 243
133 151
133 155
133 157
133 158
133 160
133 162
133 166
133 167
133 171
133 173
133 174
133 175
133 176
133 177
133 179
133 182
133 183
133 188
133 189
133 190
133 191
133 196
133 199
133 200
133 201
133 207
133 209
133 210
133 211
133 212
133 214
133 215
133 217
133 219
133 220
133 224
133 226
133 229
133 232
133 233
133 234
133 235
133 237
133 239
133 240
133 242
133 243
134 151
134 152
134 153
134 155
134 157
134 158
134 160
134 161
134 162
134 164
134 166
134 167
134 168
134 169
134 170
134 171
134 172
134 173
134 175
134 176
134 182
134 186
134 187
134 191
134 192
134 193
134 194
134 200
134 204
134 207
134 208
134 209
134 211
134 213
134 214
134 216
134 218
134 219
134 225
134 226
134 232
134 234
134 236
134 237
134 240
134 241
134 242
134 245
134 246
134 247
134 248
135 153
135 154
135 157
135 158
135 160
135 162
135 164
135 166
135 174
135 176
135 178
135 180
135 181
135 182
135 183
135 184
135 185
135 186
135 187
135 189
135 193
135 194
135 196
135 198
135 199
135 200
135 201
135 202
135 204
135 206
135 207
135 210
135 211
135 215
135 216
135 220
135 221
135 222
135 223
135 230
135 231
135 232
135 233
135 234
135 235
135 236
135 240
135 241
135 242
135 243
135 244
135 245
135 249
136 150
136 152
136 153
136 156
136 158
136 159
136 166
136 167
136 169
136 171
136 172
136 174
136 175
136 179
136 181
136 184
136 186
136 187
136 188
136 189
136 190
136 191
136 193
136 195
136 196
136 198
136 199
136 201
136 202
136 203
136 206
136 207
136 208
136 209
136 210
136 211
136 215
136 216
136 219
136 220
136 221
136 224
136 233
136 234
136 235
136 236
136 239
136 240
136 241
136 242
136 243
136 245
136 249
137 153
137 154
137 155
137 159
137 163
137 165
137 166
137 167
137 168
137 169
137 170
137 171
137 173
137 176
137 177
137 178
137 180
137 183
137 184
137 185
137 187
137 188
137 189
137 191
137 193
137 194
137 197
137 200
137 201
137 205
137 206
137 208
137 209
137 210
137 214
137 216
137 220
137 223
137 227
137 228
137 230
137 231
137 234
137 235
137 236
137 237
137 241
137 245
137 246
137 247
137 248
137 249
138 150
138 151
138 154
138 155
138 157
138 159
138 161
138 166
138 169
138 170
138 172
138 173
138 174
138 175
138 178
138 179
138 180
138 182
138 183
138 184
138 186
138 187
138 188
138 189
138 190
138 192
138 196
138 202
138 203
138 204
138 205
138 211
138 213
138 220
138 222
138 223
138 225
138 227
138 228
138 229
138 230
138 232
138 238
138 239
138 240
138 243
138 245
138 247
139 151
139 152
139 155
139 156
139 160
139 161
139 162
139 166
139 167
139 168
139 172
139 173
139 175
139 179
139 186
139 187
139 188
139 189
139 191
139 193
139 195
139 198
139 200
139 201
139 202
139 207
139 209
139 212
139 214
139 221
139 222
139 225
139 229
139 232
139 234
139 237
139 238
139 240
139 241
139 242
139 246
140 150
140 153
140 154
140 155
140 157
140 159
140 160
140 161
140 169
140 170
140 171
140 172
140 174
140 175
140 176
140 177
140 184
140 186
140 187
140 189
140 190
140 192
140 193
140 194
140 195
140 196
140 197
140 199
140 200
140 203
140 206
140 208
140 210
140 212
140 214
140 216
140 217
140 218
140 219
140 220
140 221
140 224
140 225
140 231
140 232
140 234
140 237
140 241
140 242
140 243
140 246
140 247
140 248
141 151
141 153
141 154
141 161
141 162
141 165
141 166
141 172
141 175
141 176
141 177
141 182
141 183
141 184
141 186
141 189
141 190
141 191
141 193
141 198
141 200
141 203
141 207
141 209
141 211
141 212
141 213
141 214
141 215
141 217
141 219
141 220
141 222
141 228
141 230
141 231
141 232
141 234
141 235
141 236
141 239
141 240
141 241
141 242
141 245
141 246
141 247
141 249
142 151
142 152
142 153
142 155
142 156
142 157
142 158
142 159
142 160
142 162
142 163
142 164
142 165
142 166
142 167
142 169
142 170
142 174
142 175
142 178
142 179
142 180
142 181
142 185
142 189
142 190
142 191
142 193
142 195
142 197
142 199
142 200
142 201
142 206
142 209
142 210
142 211
142 212
142 214
142 217
142 219
142 220
142 221
142 223
142 225
142 231
142 234
142 236
142 237
142 240
142 243
142 245
142 246
142 247
142 248
143 151
143 155
143 159
143 160
143 164
143 167
143 168
143 169
143 172
143 174
143 178
143 185
143 186
143 188
143 190
143 194
143 195
143 196
143 197
143 198
143 199
143 202
143 203
143 206
143 207
143 210
143 211
143 212
143 214
143 215
143 222
143 223
143 226
143 230
143 231
143 232
143 233
143 238
143 241
143 249
144 150
144 151
144 153
144 154
144 156
144 157
144 158
144 160
144 165
144 166
144 169
144 174
144 175
144 177
144 179
144 181
144 184
144 185
144 189
144 191
144 192
144 196
144 197
144 198
144 199
144 201
144 202
144 204
144 205
144 206
144 207
144 208
144 209
144 213
144 217
144 218
144 219
144 223
144 225
144 227
144 229
144 230
144 231
144 232
144 234
144 235
144 236
144 237
144 238
144 239
144 242
144 243
144 247
144 248
144 249
145 151
145 152
145 153
145 154
145 157
145 158
145 160
145 162
145 163
145 166
145 168
145 169
145 171
145 172
145 174
145 175
145 176
145 180
145 182
145 183
145 187
145 188
145 190
145 191
145 192
145 193
145 197
145 199
145 200
145 202
145 203
145 204
145 205
145 206
145 208
145 211
145 212
145 213
145 215
145 218
145 223
145 224
145 227
145 228
145 229
145 234
145 235
145 237
145 239
145 241
145 243
145 247
145 249
146 150
146 151
146 154
146 155
146 156
146 158
146 159
146 161
146 162
146 165
146 167
146 168
146 169
146 174
146 175
146 177
146 178
146 180
146 183
146 187
146 188
146 189
146 194
146 195
146 197
146 199
146 201
146 202
146 203
146 204
146 205
146 206
146 208
146 211
146 218
146 219
146 220
146 225
146 226
146 230
146 231
146 232
146 233
146 236
146 237
146 239
146 240
146 241
146 242
146 245
146 247
147 150
147 151
147 152
147 153
147 155
147 159
147 160
147 161
147 164
147 166
147 167
147 169
147 171
147 174
147 176
147 179
147 180
147 181
147 182
147 184
147 185
147 186
147 187
147 191
147 192
147 195
147 201
147 203
147 205
147 207
147 209
147 210
147 214
147 215
147 216
147 217
147 219
147 220
147 222
147 224
147 225
147 227
147 229
147 230
147 232
147 233
147 236
147 238
147 242
147 243
147 245
147 246
147 247
147 249
148 150
148 151
148 157
148 158
148 159
148 163
148 164
148 165
148 166
148 167
148 168
148 169
148 170
148 171
148 172
148 173
148 175
148 177
148 179
148 180
148 184
148 187
148 190
148 191
148 193
148 194
148 196
148 198
148 202
148 204
148 205
148 206
148 207
148 208
148 210
148 215
148 216
148 217
148 219
148 223
148 225
148 228
148 229
148 231
148 232
148 235
148 237
148 238
148 239
148 242
148 246
148 249
149 151
149 152
149 154
149 155
149 156
149 158
149 162
149 165
149 166
149 167
149 168
149 170
149 172
149 174
149 175
149 176
149 177
149 181
149 182
149 184
149 185
149 187
149 188
149 189
149 190
149 191
149 192
149 193
149 194
149 196
149 197
149 198
149 201
149 204
149 205
149 208
149 209
149 211
149 212
149 216
149 217
149 219
149 226
149 227
149 229
149 236
149 239
149 242
149 243
149 248
150 207
150 209
150 213
150 214
150 217
150 218
150 219
150 222
150 224
150 226
150 230
150 231
150 233
150 234
150 235
150 236
150 237
150 238
150 239
150 247
151 201
151 203
151 205
151 208
151 209
151 211
151 212
151 213
151 216
151 218
151 219
151 224
151 225
151 226
151 227
151 228
151 233
151 236
151 238
151 241
151 242
151 245
151 247
151 249
152 200
152 202
152 203
152 204
152 209
152 211
152 213
152 219
152 220
152 224
152 231
152 233
152 236
152 237
152 241
152 243
152 244
152 245
152 246
152 247
152 248
152 249
153 200
153 202
153 208
153 209
153 210
153 212
153 215
153 218
153 221
153 222
153 224
153 232
153 233
153 234
153 239
153 244
153 246
153 247
153 248
153 249
154 200
154 202
154 203
154 207
154 210
154 211
154 213
154 214
154 216
154 217
154 218
154 219
154 220
154 225
154 226
154 227
154 228
154 230
154 235
154 237
154 238
154 239
154 240
154 241
154 242
154 243
154 245
154 246
154 247
154 248
155 200
155 207
155 209
155 210
155 211
155 213
155 214
155 217
155 218
155 223
155 227
155 229
155 230
155 231
155 232
155 234
155 236
155 237
155 238
155 242
155 244
155 245
155 246
155 249
156 200
156 201
156 202
156 205
156 206
156 210
156 211
156 213
156 219
156 220
156 221
156 225
156 226
156 228
156 229
156 232
156 233
156 237
156 238
156 239
156 240
156 241
156 242
156 243
156 244
156 245
156 247
156 249
157 200
157 202
157 205
157 207
157 213
157 214
157 218
157 219
157 220
157 222
157 223
157 224
157 226
157 227
157 229
157 231
157 233
157 237
157 238
157 239
157 242
157 243
157 244
157 245
157 249
158 202
158 204
158 205
158 207
158 208
158 211
158 212
158 214
158 216
158 217
158 220
158 224
158 227
158 229
158 230
158 231
158 232
158 238
158 240
158 241
158 242
158 243
158 244
158 245
158 246
158 247
158 248
159 200
159 205
159 208
159 209
159 211
159 212
159 213
159 214
159 218
159 219
159 220
159 222
159 224
159 225
159 227
159 231
159 232
159 233
159 236
159 239
159 242
159 246
159 247
159 248
159 249
160 201
160 202
160 203
160 207
160 208
160 209
160 214
160 215
160 218
160 220
160 221
160 222
160 223
160 224
160 226
160 227
160 228
160 235
160 236
160 237
160 238
160 239
160 242
160 244
160 246
160 247
160 248
161 200
161 207
161 208
161 212
161 213
161 214
161 217
161 219
161 220
161 221
161 222
161 223
161 224
161 226
161 227
161 229
161 230
161 232
161 233
161 235
161 236
161 238
161 240
161 244
161 245
161 246
161 247
161 248
161 249
162 200
162 201
162 206
162 208
162 211
162 212
162 214
162 215
162 217
162 219
162 222
162 225
162 227
162 228
162 229
162 230
162 235
162 236
162 237
162 238
162 241
162 243
162 244
162 246
162 247
163 201
163 204
163 206
163 208
163 209
163 210
163 211
163 214
163 217
163 218
163 219
163 220
163 221
163 223
163 224
163 226
163 227
163 228
163 229
163 232
163 238
163 240
163 243
163 245
163 246
163 248
163 249
164 200
164 201
164 203
164 205
164 206
164 208
164 210
164 216
164 217
164 222
164 225
164 228
164 232
164 233
164 234
164 235
164 236
164 237
164 238
164 239
164 243
164 245
164 246
164 248
165 202
165 208
165 209
165 211
165 213
165 216
165 218
165 219
165 222
165 224
165 226
165 228
165 229
165 231
165 232
165 233
165 234
165 235
165 240
165 241
165 242
165 243
165 248
166 200
166 203
166 205
166 206
166 208
166 210
166 211
166 212
166 215
166 217
166 218
166 219
166 223
166 224
166 228
166 229
166 230
166 233
166 235
166 237
166 240
166 242
166 245
166 248
166 249
167 202
167 203
167 207
167 208
167 209
167 211
167 213
167 216
167 217
167 218
167 219
167 222
167 225
167 226
167 228
167 229
167 230
167 231
167 232
167 235
167 236
167 242
167 244
167 245
168 202
168 203
168 209
168 212
168 213
168 219
168 221
168 224
168 226
168 227
168 229
168 230
168 231
168 233
168 236
168 238
168 239
168 241
168 247
168 249
169 200
169 202
169 206
169 207
169 210
169 212
169 213
169 217
169 218
169 219
169 220
169 221
169 222
169 224
169 229
169 230
169 231
169 233
169 234
169 235
169 239
169 240
169 243
169 244
169 246
169 249
170 201
170 202
170 204
170 208
170 209
170 212
170 213
170 216
170 217
170 223
170 224
170 225
170 229
170 230
170 231
170 232
170 234
170 240
170 241
170 242
170 244
170 245
170 249
171 201
171 202
171 203
171 205
171 211
171 212
171 213
171 214
171 215
171 217
171 220
171 221
171 222
171 224
171 226
171 232
171 233
171 236
171 239
171 241
171 242
171 244
171 245
172 201
172 202
172 203
172 204
172 205
172 207
172 208
172 210
172 211
172 212
172 213
172 215
172 216
172 219
172 222
172 224
172 228
172 229
172 231
172 232
172 235
172 238
172 239
172 241
172 242
172 243
172 246
172 248
172 249
173 200
173 201
173 202
173 203
173 204
173 206
173 208
173 210
173 212
173 216
173 217
173 218
173 220
173 225
173 227
173 228
173 229
173 230
173 232
173 233
173 235
173 242
173 247
174 200
174 201
174 203
174 207
174 208
174 209
174 211
174 215
174 216
174 218
174 219
174 220
174 221
174 222
174 224
174 227
174 228
174 230
174 231
174 238
174 240
174 243
174 246
174 247
174 248
174 249
175 202
175 203
175 204
175 205
175 208
175 209
175 212
175 213
175 217
175 219
175 220
175 221
175 222
175 223
175 224
175 225
175 227
175 229
175 231
175 233
175 234
175 236
175 237
175 238
175 239
175 240
175 242
175 243
175 246
175 248
175 249
176 204
176 206
176 208
176 209
176 212
176 214
176 217
176 220
176 225
176 226
176 229
176 231
176 232
176 233
176 234
176 239
176 240
176 241
176 246
176 247
177 201
177 202
177 204
177 207
177 208
177 212
177 214
177 217
177 221
177 224
177 225
177 226
177 229
177 230
177 231
177 234
177 236
177 239
177 241
177 242
177 244
177 245
177 247
177 249
178 201
178 202
178 203
178 206
178 207
178 208
178 209
178 212
178 214
178 217
178 220
178 221
178 222
178 225
178 226
178 231
178 232
178 233
178 235
178 238
178 239
178 241
178 242
178 244
178 245
178 246
178 248
178 249
179 200
179 201
179 203
179 208
179 211
179 213
179 214
179 218
179 220
179 221
179 222
179 223
179 224
179 226
179 229
179 230
179 231
179 233
179 234
179 235
179 238
179 239
179 241
179 243
179 244
179 245
179 246
180 202
180 204
180 206
180 209
180 212
180 213
180 215
180 217
180 223
180 227
180 229
180 232
180 233
180 236
180 237
180 240
180 247
180 248
181 200
181 203
181 204
181 209
181 211
181 214
181 218
181 220
181 221
181 222
181 223
181 224
181 226
181 227
181 228
181 230
181 233
181 234
181 235
181 240
181 243
181 244
181 246
181 248
181 249
182 201
182 202
182 203
182 204
182 205
182 209
182 211
182 212
182 213
182 215
182 216
182 217
182 218
182 219
182 222
182 223
182 225
182 226
182 227
182 228
182 229
182 231
182 232
182 233
182 234
182 236
182 237
182 240
182 242
182 244
182 245
182 248
182 249
183 200
183 201
183 203
183 204
183 206
183 207
183 213
183 215
183 218
183 219
183 221
183 222
183 225
183 227
183 228
183 229
183 232
183 233
183 234
183 235
183 237
183 240
183 241
183 243
183 244
183 245
183 246
183 247
183 248
183 249
184 203
184 204
184 205
184 209
184 212
184 213
184 214
184 215
184 216
184 218
184 219
184 222
184 223
184 224
184 225
184 226
184 228
184 229
184 231
184 232
184 234
184 238
184 241
184 242
184 243
184 247
184 249
185 200
185 201
185 203
185 204
185 205
185 207
185 208
185 209
185 210
185 216
185 217
185 218
185 220
185 221
185 224
185 226
185 227
185 228
185 230
185 233
185 235
185 238
185 239
185 241
185 243
185 244
185 246
185 247
185 249
186 204
186 205
186 206
186 207
186 208
186 212
186 214
186 215
186 216
186 218
186 219
186 220
186 221
186 222
186 223
186 224
186 225
186 228
186 229
186 231
186 232
186 233
186 236
186 237
186 238
186 240
186 241
186 242
186 243
186 245
186 248
186 249
187 205
187 206
187 208
187 210
187 211
187 213
187 214
187 217
187 218
187 219
187 222
187 223
187 224
187 225
187 229
187 232
187 234
187 235
187 236
187 237
187 238
187 239
187 240
187 242
187 243
187 248
187 249
188 201
188 202
188 208
188 210
188 211
188 213
188 214
188 215
188 217
188 219
188 222
188 223
188 226
188 230
188 231
188 233
188 234
188 235
188 237
188 238
188 239
188 241
188 243
188 244
188 246
189 202
189 203
189 205
189 207
189 208
189 209
189 210
189 211
189 213
189 214
189 219
189 221
189 223
189 224
189 225
189 228
189 229
189 235
189 238
189 239
189 240
189 241
189 246
189 249
190 201
190 204
190 206
190 207
190 209
190 210
190 211
190 212
190 213
190 218
190 219
190 220
190 221
190 224
190 227
190 228
190 229
190 232
190 237
190 239
190 242
190 244
190 246
190 247
190 248
191 200
191 201
191 206
191 207
191 208
191 209
191 213
191 218
191 219
191 221
191 224
191 225
191 228
191 230
191 235
191 237
191 238
191 241
191 242
191 244
191 246
191 249
192 200
192 201
192 204
192 206
192 207
192 211
192 212
192 213
192 214
192 215
192 218
192 221
192 225
192 228
192 230
192 231
192 232
192 234
192 239
192 240
192 243
192 246
192 247
193 202
193 203
193 205
193 206
193 207
193 210
193 211
193 213
193 214
193 217
193 218
193 220
193 221
193 223
193 225
193 226
193 228
193 230
193 232
193 233
193 235
193 236
193 237
193 240
193 248
193 249
194 200
194 202
194 206
194 210
194 212
194 213
194 214
194 215
194 216
194 218
194 222
194 224
194 225
194 228
194 236
194 239
194 240
194 241
194 242
194 243
194 245
194 246
194 247
194 249
195 200
195 202
195 203
195 204
195 205
195 206
195 208
195 209
195 214
195 217
195 218
195 219
195 221
195 222
195 225
195 227
195 228
195 232
195 236
195 237
195 239
195 240
195 242
195 244
195 246
195 247
195 248
195 249
196 201
196 202
196 205
196 206
196 207
196 209
196 210
196 211
196 212
196 213
196 214
196 215
196 219
196 220
196 222
196 225
196 226
196 227
196 229
196 231
196 232
196 233
196 237
196 238
196 240
196 242
196 243
196 244
196 247
197 201
197 204
197 205
197 206
197 209
197 210
197 211
197 212
197 213
197 214
197 217
197 218
197 219
197 221
197 222
197 226
197 229
197 233
197 235
197 236
197 237
197 238
197 243
197 245
197 246
197 248
198 200
198 203
198 204
198 205
198 206
198 207
198 208
198 209
198 210
198 213
198 216
198 220
198 221
198 222
198 223
198 228
198 230
198 231
198 232
198 236
198 237
198 238
198 242
198 243
198 246
198 248
199 201
199 202
199 204
199 206
199 208
199 210
199 211
199 212
199 214
199 217
199 220
199 224
199 228
199 231
199 232
199 236
199 237
199 238
199 240
199 247
199 249
